10
0.0 64.53379396752128 120.73728645367387 85.51660531279639 88.70144041739651 98.22522816951495 113.65359406538235 126.19790472173514 95.16305037589139 106.63936804806026
64.53379396752128 0.0 83.5472802245026 84.73050853786516 111.34048150814583 100.83652233074982 94.37047545531337 104.13002721486326 122.54144542721278 124.18326858031978
120.73728645367387 83.5472802245026 0.0 117.37870843186478 97.03975306522003 105.68816917006819 70.36946397266621 103.34161383389065 83.38358477163129 115.91248570934383
85.51660531279639 84.73050853786516 117.37870843186478 0.0 99.89125191169896 108.42025650443404 102.06178629287686 88.13400128703395 93.51576937588291 97.11658700387105
88.70144041739651 111.34048150814583 97.03975306522003 99.89125191169896 0.0 114.09259785620597 107.42676685466236 105.73540097356279 119.69988295032189 106.09192016989316
98.22522816951495 100.83652233074982 105.68816917006819 108.42025650443404 114.09259785620597 0.0 87.03632829390855 108.91569897522061 91.77750594790584 76.1442332935624
113.65359406538235 94.37047545531337 70.36946397266621 102.06178629287686 107.42676685466236 87.03632829390855 0.0 102.5013081640581 82.87804902551254 102.82767379456996
126.19790472173514 104.13002721486326 103.34161383389065 88.13400128703395 105.73540097356279 108.91569897522061 102.5013081640581 0.0 84.59400724525402 113.59576946298546
95.16305037589139 122.54144542721278 83.38358477163129 93.51576937588291 119.69988295032189 91.77750594790584 82.87804902551254 84.59400724525402 0.0 104.98176262687109
106.63936804806026 124.18326858031978 115.91248570934383 97.11658700387105 106.09192016989316 76.1442332935624 102.82767379456996 113.59576946298546 104.98176262687109 0.0
