6
0.0 0.823185436119112 2.392155235916566 1.793768295105606 0.01734214762526831 1.0975392990350041
0.823185436119112 0.0 0.977040257752134 2.392155235916566 0.823185436119112 0.01734214762526831
2.392155235916566 0.977040257752134 0.0 0.977040257752134 0.01734214762526831 0.977040257752134
1.793768295105606 2.392155235916566 0.977040257752134 0.0 2.392155235916566 0.823185436119112
0.01734214762526831 0.823185436119112 0.01734214762526831 2.392155235916566 0.0 1.0975392990350041
1.0975392990350041 0.01734214762526831 0.977040257752134 0.823185436119112 1.0975392990350041 0.0
