14
0.0 1.2974570604227265 0.537521200400946 3.3323051957211742 1.8369880290103677 2.0433458061575136 8.651008065943898 1.149487248389046 2.658642753778032 4.839821360811261 2.436976575092892 12.00817735026344 1.2704997824533844 0.7075208577482068
1.2974570604227265 0.0 6.490523970897938 0.24655677770189754 0.5623030673191762 1.2033526257813312 2.0059190686546744 5.387817175130936 11.08753667149335 2.8971865414353273 2.492234331854202 3.297583740993961 3.9802588724627177 6.250571423032175
0.537521200400946 6.490523970897938 0.0 2.162887556004181 10.717074697486472 0.6956426523778267 3.5540912848988113 3.3549713943831874 1.8517575697708732 3.1321887101686716 5.991351969294555 3.3806948024664765 1.4426601289800485 2.6881646506812977
3.3323051957211742 0.24655677770189754 2.162887556004181 0.0 0.09190483410912131 7.687755190566509 1.6828970306328372 1.2179706779100496 3.90705389919518 6.970038815401657 3.6335421962355365 2.3975079926496523 8.85598600955719 3.421363169884617
1.8369880290103677 0.5623030673191762 10.717074697486472 0.09190483410912131 0.0 8.208344425952621 0.6458821734951783 7.145420046421992 10.328836516117992 6.5089689985029775 3.3373703481058437 0.9000960070001096 8.166460351833237 3.4010833752802014
2.0433458061575136 1.2033526257813312 0.6956426523778267 7.687755190566509 8.208344425952621 0.0 2.318498390695376 0.24920042919628904 2.951054859384857 0.46540694976052377 2.287921793744747 1.1650359975147944 7.545924303301419 0.9362891799114829
8.651008065943898 2.0059190686546744 3.5540912848988113 1.6828970306328372 0.6458821734951783 2.318498390695376 0.0 2.60571726763192 7.802818944491148 2.2643410296448385 2.0934923270607206 6.411611223546299 4.084170381149728 2.05519233955669
1.149487248389046 5.387817175130936 3.3549713943831874 1.2179706779100496 7.145420046421992 0.24920042919628904 2.60571726763192 0.0 6.927436022683238 8.012332962439714 1.1673215929912102 2.1531738735305055 5.9093978696404825 9.497719175144448
2.658642753778032 11.08753667149335 1.8517575697708732 3.90705389919518 10.328836516117992 2.951054859384857 7.802818944491148 6.927436022683238 0.0 8.3851512317923 6.141352903057723 1.673349704863262 3.3925174805312546 3.740008635218189
4.839821360811261 2.8971865414353273 3.1321887101686716 6.970038815401657 6.5089689985029775 0.46540694976052377 2.2643410296448385 8.012332962439714 8.3851512317923 0.0 1.7374593993546985 6.636136704658695 6.709970201836925 0.8730313933363547
2.436976575092892 2.492234331854202 5.991351969294555 3.6335421962355365 3.3373703481058437 2.287921793744747 2.0934923270607206 1.1673215929912102 6.141352903057723 1.7374593993546985 0.0 10.112150429396692 1.7872262580649296 4.821996230983393
12.00817735026344 3.297583740993961 3.3806948024664765 2.3975079926496523 0.9000960070001096 1.1650359975147944 6.411611223546299 2.1531738735305055 1.673349704863262 6.636136704658695 10.112150429396692 0.0 1.7071726004781365 4.592478126936053
1.2704997824533844 3.9802588724627177 1.4426601289800485 8.85598600955719 8.166460351833237 7.545924303301419 4.084170381149728 5.9093978696404825 3.3925174805312546 6.709970201836925 1.7872262580649296 1.7071726004781365 0.0 8.303333715441434
0.7075208577482068 6.250571423032175 2.6881646506812977 3.421363169884617 3.4010833752802014 0.9362891799114829 2.05519233955669 9.497719175144448 3.740008635218189 0.8730313933363547 4.821996230983393 4.592478126936053 8.303333715441434 0.0
