10
0.0 74.0618853565241 61.75495481562448 59.511643207366845 44.74234224789003 60.180125347128936 81.47677854820776 18.7814510015056 50.53332650668132 29.966822210019536
74.0618853565241 0.0 31.733503973332233 72.07633471708596 40.81037977610103 77.8661968712154 82.51410583219848 66.51667984083974 63.62165727404283 112.94772316375712
61.75495481562448 31.733503973332233 0.0 40.10677618586312 53.70622384292157 8.05905564560328 59.94792131051218 105.05389530177435 17.840863853900252 92.18179679770859
59.511643207366845 72.07633471708596 40.10677618586312 0.0 70.1505825725238 110.7916723812474 76.77822770127125 51.83248200020786 36.4499838226608 13.78790718622156
44.74234224789003 40.81037977610103 53.70622384292157 70.1505825725238 0.0 49.95714747561536 27.327697734102546 42.466338340295465 14.232725416806701 110.90850720177903
60.180125347128936 77.8661968712154 8.05905564560328 110.7916723812474 49.95714747561536 0.0 20.77144932326631 75.2979438560081 34.27405346314998 63.339460284444066
81.47677854820776 82.51410583219848 59.94792131051218 76.77822770127125 27.327697734102546 20.77144932326631 0.0 73.03387124646582 22.094541785273318 121.64364511093184
18.7814510015056 66.51667984083974 105.05389530177435 51.83248200020786 42.466338340295465 75.2979438560081 73.03387124646582 0.0 110.32445393389548 51.184747368307285
50.53332650668132 63.62165727404283 17.840863853900252 36.4499838226608 14.232725416806701 34.27405346314998 22.094541785273318 110.32445393389548 0.0 10.722406886118307
29.966822210019536 112.94772316375712 92.18179679770859 13.78790718622156 110.90850720177903 63.339460284444066 121.64364511093184 51.184747368307285 10.722406886118307 0.0
