10
0.0 2.2334274390450286 2.8850372455931352 0.5266889623978004 2.928786014529745 0.3946440762499368 0.826739680185856 1.9231249214542558 5.691047981347023 2.5042441747879725
2.2334274390450286 0.0 9.565748065050451 8.203124972858763 3.7104342963765786 6.877751262375927 1.7058203600572743 2.626923902667981 0.7912879538578033 9.885467161538244
2.8850372455931352 9.565748065050451 0.0 0.5012288176962394 2.447342557393667 2.9123230956153527 2.583676785728448 2.438747642563783 2.226776581217538 0.435181810348811
0.5266889623978004 8.203124972858763 0.5012288176962394 0.0 0.08046037916471194 2.1746066345982866 1.2851276716220186 5.072987202613577 7.670797414283589 9.265913785129817
2.928786014529745 3.7104342963765786 2.447342557393667 0.08046037916471194 0.0 5.7795612802081076 6.829950653288554 1.8219902707156683 3.717650464963855 8.873341786111354
0.3946440762499368 6.877751262375927 2.9123230956153527 2.1746066345982866 5.7795612802081076 0.0 4.316158247390481 2.016128662609753 1.7106584737503883 0.009315938894131848
0.826739680185856 1.7058203600572743 2.583676785728448 1.2851276716220186 6.829950653288554 4.316158247390481 0.0 4.254483500580091 0.16268262652901977 5.884869825392536
1.9231249214542558 2.626923902667981 2.438747642563783 5.072987202613577 1.8219902707156683 2.016128662609753 4.254483500580091 0.0 2.354879047491994 2.0160118166199616
5.691047981347023 0.7912879538578033 2.226776581217538 7.670797414283589 3.717650464963855 1.7106584737503883 0.16268262652901977 2.354879047491994 0.0 1.7933673213670613
2.5042441747879725 9.885467161538244 0.435181810348811 9.265913785129817 8.873341786111354 0.009315938894131848 5.884869825392536 2.0160118166199616 1.7933673213670613 0.0
