20
0.0 0.09363220982225051 1.1702976141032904 1.6206355656283657 0.7698376208552871 0.7150335742398493 0.2525720132903897 1.1746846382094582 2.389511618402487 0.6838075252877176 3.374851728373906 0.7715449567240419 0.2127377265332442 0.16714062455492784 1.7594444816498465 0.6026453772492693 0.6046602684519825 2.1698435734648784 0.6469802605575451 0.0932134989795278
0.09363220982225051 0.0 0.5309155469159559 0.043212419396374435 1.2483056786617386 1.6862515283213808 0.7106255978799703 0.9763812308768232 0.5874445722432725 0.8537487385163707 0.13069863322415864 1.7477736608278573 1.6305849897655134 0.9418600775189533 2.2946622880464975 0.5850381157989168 0.4247358161044914 0.9389336231480078 1.3494179826101496 0.6087781994004609
1.1702976141032904 0.5309155469159559 0.0 0.4397979829663624 0.6673361917037225 0.6506229939889915 0.0705519718278591 0.5905000352500509 1.4727180292704123 0.8717135293329994 0.438742751321072 1.4979805422456745 0.3960474448225799 3.012227936986032 0.869057041729592 2.4824396143886345 0.8720187541773461 0.3919581749569384 1.2377022363582741 1.3947223212182618
1.6206355656283657 0.043212419396374435 0.4397979829663624 0.0 1.9455505694504995 0.43475574520915095 1.9466025462107055 0.513712721589779 0.3222095445151405 2.7283838910461 0.2643579880483399 0.2346190818635867 2.309004562863171 1.9894504431247726 1.9827981545977669 1.339383154252185 1.052951701081212 1.0828195059115737 0.1433746826118718 0.6296192268764654
0.7698376208552871 1.2483056786617386 0.6673361917037225 1.9455505694504995 0.0 0.4919580426517852 2.7695624411548514 1.2755682389079874 2.7433127092611427 0.021022257451357884 0.0014821006135725678 2.181911630463995 0.3621007612229289 1.2839995392814505 1.419918605559067 1.2855514130144419 1.0905679461552926 3.482464466894541 0.2755125994142691 0.9810653623651608
0.7150335742398493 1.6862515283213808 0.6506229939889915 0.43475574520915095 0.4919580426517852 0.0 0.11023017788882239 0.010915118083185682 0.018701424409442113 1.8051504139176178 2.236109815641327 1.6926571970395083 0.7121111214135785 1.0124176114929477 0.7580461187291009 1.1566343540138482 0.9424040357289498 1.1732026158793838 1.4147301876992688 0.6976002408521293
0.2525720132903897 0.7106255978799703 0.0705519718278591 1.9466025462107055 2.7695624411548514 0.11023017788882239 0.0 1.1460052168419674 2.78089722042111 1.7625678037551027 1.2665982589112414 0.5538345249011845 0.451735586933692 0.45455105040977817 0.8385785523830763 2.1050630310478615 1.8208128250741278 2.1486562666160487 1.776176190006123 0.00794887810035827
1.1746846382094582 0.9763812308768232 0.5905000352500509 0.513712721589779 1.2755682389079874 0.010915118083185682 1.1460052168419674 0.0 0.726033567005835 0.7275360987416142 0.0021447348123013743 0.7171224204599898 0.27352281333334894 0.7226826877653699 0.2055694411102006 0.6489009366983041 0.5605118643912401 3.6161303495874906 1.3772206364252662 1.308863046654712
2.389511618402487 0.5874445722432725 1.4727180292704123 0.3222095445151405 2.7433127092611427 0.018701424409442113 2.78089722042111 0.726033567005835 0.0 2.38475650850555 0.5944633573940103 0.8975599679753461 1.9738529038030344 0.015493193504871883 1.249956416009296 1.0789956747324028 1.1620214237231028 1.42831173559279 3.5567904473798766 1.8688923987676729
0.6838075252877176 0.8537487385163707 0.8717135293329994 2.7283838910461 0.021022257451357884 1.8051504139176178 1.7625678037551027 0.7275360987416142 2.38475650850555 0.0 2.429115981153273 2.1696200397652756 0.037295566561596605 2.1978098810798374 0.10152599412868057 0.9643637572914119 0.1342981488869418 1.324419515424489 0.9950155932223683 1.575756192679001
3.374851728373906 0.13069863322415864 0.438742751321072 0.2643579880483399 0.0014821006135725678 2.236109815641327 1.2665982589112414 0.0021447348123013743 0.5944633573940103 2.429115981153273 0.0 0.3193903700600442 1.2007597480406478 2.051273752139404 0.5366183551646675 0.565064291083931 0.3993670127915345 0.5683326009443739 0.1481690069658399 0.8963555037751465
0.7715449567240419 1.7477736608278573 1.4979805422456745 0.2346190818635867 2.181911630463995 1.6926571970395083 0.5538345249011845 0.7171224204599898 0.8975599679753461 2.1696200397652756 0.3193903700600442 0.0 1.5970786869977809 1.89771204069781 1.9401843523395335 0.18345449913931167 1.153066067387068 0.23573602891945677 1.0204801354247832 1.9943254923904181
0.2127377265332442 1.6305849897655134 0.3960474448225799 2.309004562863171 0.3621007612229289 0.7121111214135785 0.451735586933692 0.27352281333334894 1.9738529038030344 0.037295566561596605 1.2007597480406478 1.5970786869977809 0.0 1.4181436008555819 0.8664902674780401 0.35583187657971815 0.46647706443035997 0.35366156857933795 0.4676280216085744 0.29378838497621507
0.16714062455492784 0.9418600775189533 3.012227936986032 1.9894504431247726 1.2839995392814505 1.0124176114929477 0.45455105040977817 0.7226826877653699 0.015493193504871883 2.1978098810798374 2.051273752139404 1.89771204069781 1.4181436008555819 0.0 1.323073305539451 0.7764294127209806 0.40730752106828905 0.6249948986498987 2.9241209350365462 0.171106311897554
1.7594444816498465 2.2946622880464975 0.869057041729592 1.9827981545977669 1.419918605559067 0.7580461187291009 0.8385785523830763 0.2055694411102006 1.249956416009296 0.10152599412868057 0.5366183551646675 1.9401843523395335 0.8664902674780401 1.323073305539451 0.0 2.2331727659087552 0.30173535221638625 1.7611869632463941 1.342977469270088 0.5639445154276592
0.6026453772492693 0.5850381157989168 2.4824396143886345 1.339383154252185 1.2855514130144419 1.1566343540138482 2.1050630310478615 0.6489009366983041 1.0789956747324028 0.9643637572914119 0.565064291083931 0.18345449913931167 0.35583187657971815 0.7764294127209806 2.2331727659087552 0.0 0.699912827308985 1.8233315883089214 0.5219007240642354 1.2468449030705713
0.6046602684519825 0.4247358161044914 0.8720187541773461 1.052951701081212 1.0905679461552926 0.9424040357289498 1.8208128250741278 0.5605118643912401 1.1620214237231028 0.1342981488869418 0.3993670127915345 1.153066067387068 0.46647706443035997 0.40730752106828905 0.30173535221638625 0.699912827308985 0.0 2.8589818733609276 2.8663433699966925 3.013602362606584
2.1698435734648784 0.9389336231480078 0.3919581749569384 1.0828195059115737 3.482464466894541 1.1732026158793838 2.1486562666160487 3.6161303495874906 1.42831173559279 1.324419515424489 0.5683326009443739 0.23573602891945677 0.35366156857933795 0.6249948986498987 1.7611869632463941 1.8233315883089214 2.8589818733609276 0.0 3.075478074419695 0.920121077500482
0.6469802605575451 1.3494179826101496 1.2377022363582741 0.1433746826118718 0.2755125994142691 1.4147301876992688 1.776176190006123 1.3772206364252662 3.5567904473798766 0.9950155932223683 0.1481690069658399 1.0204801354247832 0.4676280216085744 2.9241209350365462 1.342977469270088 0.5219007240642354 2.8663433699966925 3.075478074419695 0.0 1.0431130883872015
0.0932134989795278 0.6087781994004609 1.3947223212182618 0.6296192268764654 0.9810653623651608 0.6976002408521293 0.00794887810035827 1.308863046654712 1.8688923987676729 1.575756192679001 0.8963555037751465 1.9943254923904181 0.29378838497621507 0.171106311897554 0.5639445154276592 1.2468449030705713 3.013602362606584 0.920121077500482 1.0431130883872015 0.0
