10
0.0 53.63001546456315 23.532217421591007 38.77629427385145 62.79483913984092 35.61815436890255 33.634651295530816 54.9489251134207 29.618330503122642 39.92051158841702
53.63001546456315 0.0 42.74280477448932 48.676353675520254 53.95021373193917 59.416363292123464 53.3945426747576 49.4761556549285 55.221013858338786 48.589177146328076
23.532217421591007 42.74280477448932 0.0 59.2896766527745 45.700345579073804 38.101260400533846 78.73055383790705 59.694339176893585 64.52824271732815 59.35481619178876
38.77629427385145 48.676353675520254 59.2896766527745 0.0 54.263699054762874 46.434572550293694 62.524459478388636 32.54861746028103 56.04874606428919 34.26937152580319
62.79483913984092 53.95021373193917 45.700345579073804 54.263699054762874 0.0 42.080723794694585 53.74921785142574 51.01411854867263 51.57470072823942 39.7432190889293
35.61815436890255 59.416363292123464 38.101260400533846 46.434572550293694 42.080723794694585 0.0 71.51332070087008 45.295957794435566 41.83473550478075 43.9423769418731
33.634651295530816 53.3945426747576 78.73055383790705 62.524459478388636 53.74921785142574 71.51332070087008 0.0 52.664175738144976 41.17132227301188 58.74983580023493
54.9489251134207 49.4761556549285 59.694339176893585 32.54861746028103 51.01411854867263 45.295957794435566 52.664175738144976 0.0 61.901127823218054 64.45854112240491
29.618330503122642 55.221013858338786 64.52824271732815 56.04874606428919 51.57470072823942 41.83473550478075 41.17132227301188 61.901127823218054 0.0 45.00855911248585
39.92051158841702 48.589177146328076 59.35481619178876 34.26937152580319 39.7432190889293 43.9423769418731 58.74983580023493 64.45854112240491 45.00855911248585 0.0
