8
0.0 2.531744036687893 5.259832539412984 1.2837196159179012 0.47865094136538944 1.8797132342623577 3.952934796581113 11.580901119851443
2.531744036687893 0.0 1.4916108140938962 7.611930739942849 0.39444452757210424 8.472247999493778 9.010163649790519 1.6342766371581772
5.259832539412984 1.4916108140938962 0.0 13.064937722184766 0.3163407836398009 1.0174593367607139 4.7323986847785795 6.509565703303917
1.2837196159179012 7.611930739942849 13.064937722184766 0.0 5.018267730079602 0.886947031419522 6.645559782930303 1.936805711999697
0.47865094136538944 0.39444452757210424 0.3163407836398009 5.018267730079602 0.0 4.396999588867961 4.430433068590786 4.424813782191898
1.8797132342623577 8.472247999493778 1.0174593367607139 0.886947031419522 4.396999588867961 0.0 2.241333981955391 6.745368264208604
3.952934796581113 9.010163649790519 4.7323986847785795 6.645559782930303 4.430433068590786 2.241333981955391 0.0 2.6569948737611093
11.580901119851443 1.6342766371581772 6.509565703303917 1.936805711999697 4.424813782191898 6.745368264208604 2.6569948737611093 0.0
