10
0.0 0.5498932036504283 0.6866971801257908 3.6151024206475557 1.2902683401778914 0.9038105252575677 1.4611543637867652 0.8195414965717757 2.3200723393350624 0.13538423365916752
0.5498932036504283 0.0 0.8081590755850319 0.12356468754631478 2.7457021368641463 1.1102593445665057 0.05200517220838419 0.6014732601662651 0.7536649447799424 1.3372623762372282
0.6866971801257908 0.8081590755850319 0.0 0.7978794153148014 0.6942654096919898 2.3137041330151646 0.3063997509099108 1.4381804762141768 3.0781522939364567 0.30725236927863164
3.6151024206475557 0.12356468754631478 0.7978794153148014 0.0 0.021675155862103224 0.04608200332787704 0.6814288795277241 1.5846022728784557 1.534602163262232 0.6432453158584062
1.2902683401778914 2.7457021368641463 0.6942654096919898 0.021675155862103224 0.0 0.39760138736026707 0.24894374549716347 1.6600023009133218 0.10780066900816299 0.2596222979574281
0.9038105252575677 1.1102593445665057 2.3137041330151646 0.04608200332787704 0.39760138736026707 0.0 1.2180379796215195 0.16073365289989638 0.4498759832161019 1.1347100967642256
1.4611543637867652 0.05200517220838419 0.3063997509099108 0.6814288795277241 0.24894374549716347 1.2180379796215195 0.0 1.12260385408651 1.3529281371821604 0.13046653700375754
0.8195414965717757 0.6014732601662651 1.4381804762141768 1.5846022728784557 1.6600023009133218 0.16073365289989638 1.12260385408651 0.0 1.0238775728671405 2.1298287115262178
2.3200723393350624 0.7536649447799424 3.0781522939364567 1.534602163262232 0.10780066900816299 0.4498759832161019 1.3529281371821604 1.0238775728671405 0.0 0.3055275599611773
0.13538423365916752 1.3372623762372282 0.30725236927863164 0.6432453158584062 0.2596222979574281 1.1347100967642256 0.13046653700375754 2.1298287115262178 0.3055275599611773 0.0
