10
0.0 70.20486679977468 70.15244819950871 69.54810880052078 68.36448804901919 70.43697275636795 71.7827576173718 69.4439143186877 68.76705753345794 69.93214550093047
70.20486679977468 0.0 71.42649325504559 71.21308893350724 67.39425295542763 69.22689870041455 69.3582529995516 69.07164400840684 70.28986806257959 71.43408605074818
70.15244819950871 71.42649325504559 0.0 68.81056233356696 68.3558516785622 70.48991447076557 69.97488204701153 70.39029993878685 69.56996126757893 69.44663087603875
69.54810880052078 71.21308893350724 68.81056233356696 0.0 72.36829011034685 70.51668963229908 70.87063992747488 70.49662899453172 71.2404444369973 70.99482554412103
68.36448804901919 67.39425295542763 68.3558516785622 72.36829011034685 0.0 72.49900490986944 69.45609561148959 70.95451382982966 69.89229514360123 69.70998342770132
70.43697275636795 69.22689870041455 70.48991447076557 70.51668963229908 72.49900490986944 0.0 70.93453792692317 69.76126991084315 70.4565982582789 68.85374526262115
71.7827576173718 69.3582529995516 69.97488204701153 70.87063992747488 69.45609561148959 70.93453792692317 0.0 71.55082580784664 68.415480645454 71.28173397639894
69.4439143186877 69.07164400840684 70.39029993878685 70.49662899453172 70.95451382982966 69.76126991084315 71.55082580784664 0.0 70.2331744775813 69.64627108639066
68.76705753345794 70.28986806257959 69.56996126757893 71.2404444369973 69.89229514360123 70.4565982582789 68.415480645454 70.2331744775813 0.0 70.2123002090253
69.93214550093047 71.43408605074818 69.44663087603875 70.99482554412103 69.70998342770132 68.85374526262115 71.28173397639894 69.64627108639066 70.2123002090253 0.0
