20
0.0 1.0419109650784022 6.832632848901709 1.7140629598641022 6.123298368026965 0.22770489425806795 6.975675753617459 1.7760954554089727 2.9178571317644177 6.021330812346411 3.825490964958993 6.438611103089761 0.2324098702785864 1.8188384780206581 3.5079759060906643 5.632472977245924 7.991607602805136 5.328685682607085 3.05993795454589 2.0681016749968286
1.0419109650784022 0.0 5.185904901779552 1.4378911746106486 6.383928242710033 2.0407491654657886 3.8446384169259664 6.626094444019284 0.1378240722612012 6.415243204341314 9.80743224565873 1.9112745580576789 1.5349535070057003 1.5786112878687004 3.9532018620818183 5.782631564410426 7.259366779899553 7.158710823316355 2.9920625247320807 3.132305964927615
6.832632848901709 5.185904901779552 0.0 2.2863689520212596 3.0875561254309236 9.99779670397216 3.800581663018846 8.203943747392145 10.168461625615668 0.10544105741657872 9.439261192938513 4.75573660455551 3.338113317048487 8.549045748549041 3.11833137737707 0.5559654696568417 2.6153265663067335 0.48519032364626924 9.699078229392759 0.9161355683167178
1.7140629598641022 1.4378911746106486 2.2863689520212596 0.0 9.74941117444344 4.280619422157303 6.109515371644763 5.791156841870664 10.219050867066894 2.3620777654656693 3.2011549107141586 8.148432557596353 3.115166858445246 1.2477523999968216 2.8905589994480105 7.470703973891522 7.092897431669582 1.4778628837669832 5.625224639114435 1.604680807020241
6.123298368026965 6.383928242710033 3.0875561254309236 9.74941117444344 0.0 5.917395738972945 15.278278113443776 1.9563330143237643 1.7281394134863648 2.9435873990480963 2.250943652999603 3.5011822607049874 0.7532433952673407 1.5035454062618507 4.124740936616066 10.142423626838168 0.6333020868678985 13.078129693938058 9.001926190653355 0.4940424774928647
0.22770489425806795 2.0407491654657886 9.99779670397216 4.280619422157303 5.917395738972945 0.0 11.075074295346838 2.4098015306119205 6.468859270746012 10.995785478287043 3.021344571378553 6.588971398066422 8.040091028964213 5.878574473864334 5.056795895064102 0.47796735478707775 6.23252580055969 4.499324448936692 3.331564289696674 2.9796734339262234
6.975675753617459 3.8446384169259664 3.800581663018846 6.109515371644763 15.278278113443776 11.075074295346838 0.0 2.344318619097702 3.319952773184937 4.386498231182596 2.3704007524426483 4.069188518948554 4.811003501952 2.7970762396566755 0.14558861634473796 3.9005282198226654 2.946455170493966 6.912303389161987 6.323090836350061 1.1897450032606787
1.7760954554089727 6.626094444019284 8.203943747392145 5.791156841870664 1.9563330143237643 2.4098015306119205 2.344318619097702 0.0 2.4290150838441686 10.040269288580474 3.855636024117204 2.9359016016867647 5.521140961402544 3.0942965009650827 2.7590108096149137 6.460526896935837 0.17786490557777845 3.0488174347534773 3.8198781926821654 1.5819349687320488
2.9178571317644177 0.1378240722612012 10.168461625615668 10.219050867066894 1.7281394134863648 6.468859270746012 3.319952773184937 2.4290150838441686 0.0 4.2322646971827025 2.3972823627871236 1.9827502853679093 2.14188037570275 1.253049661245448 2.3258040540932847 6.24628314710344 4.939741168356179 4.193873345152616 2.064729820358055 0.4618812871734663
6.021330812346411 6.415243204341314 0.10544105741657872 2.3620777654656693 2.9435873990480963 10.995785478287043 4.386498231182596 10.040269288580474 4.2322646971827025 0.0 8.840678392303285 1.3453342652110338 0.27194022033376175 4.880750572470762 8.150069665164246 1.5988407745749158 0.8131937243344154 0.1827281927784583 0.2300594125199884 6.67513569770796
3.825490964958993 9.80743224565873 9.439261192938513 3.2011549107141586 2.250943652999603 3.021344571378553 2.3704007524426483 3.855636024117204 2.3972823627871236 8.840678392303285 0.0 0.49273917304756487 5.43392332274731 2.4236963670636666 1.2184040208970006 10.202989521691434 3.673032481388354 1.652054529997177 6.771712394960188 0.7779834313382517
6.438611103089761 1.9112745580576789 4.75573660455551 8.148432557596353 3.5011822607049874 6.588971398066422 4.069188518948554 2.9359016016867647 1.9827502853679093 1.3453342652110338 0.49273917304756487 0.0 1.071079041412181 6.422546189348146 2.9760624221878955 3.8067939705010403 6.27067663584874 7.088533391498316 1.5971859703489875 0.6859997141089976
0.2324098702785864 1.5349535070057003 3.338113317048487 3.115166858445246 0.7532433952673407 8.040091028964213 4.811003501952 5.521140961402544 2.14188037570275 0.27194022033376175 5.43392332274731 1.071079041412181 0.0 5.050041910545391 2.6365487123306983 0.45927716457463585 6.120341826748253 4.073503561461406 7.611283456164511 0.7533610373479659
1.8188384780206581 1.5786112878687004 8.549045748549041 1.2477523999968216 1.5035454062618507 5.878574473864334 2.7970762396566755 3.0942965009650827 1.253049661245448 4.880750572470762 2.4236963670636666 6.422546189348146 5.050041910545391 0.0 6.53486142095449 5.153472423188083 2.1912928392304836 7.543928059029568 4.386329407802879 0.5359176466814874
3.5079759060906643 3.9532018620818183 3.11833137737707 2.8905589994480105 4.124740936616066 5.056795895064102 0.14558861634473796 2.7590108096149137 2.3258040540932847 8.150069665164246 1.2184040208970006 2.9760624221878955 2.6365487123306983 6.53486142095449 0.0 5.246655359981334 3.390821679756937 4.007821008049273 1.0718655493895044 4.716229899989732
5.632472977245924 5.782631564410426 0.5559654696568417 7.470703973891522 10.142423626838168 0.47796735478707775 3.9005282198226654 6.460526896935837 6.24628314710344 1.5988407745749158 10.202989521691434 3.8067939705010403 0.45927716457463585 5.153472423188083 5.246655359981334 0.0 0.26011723781296947 7.279857607110318 11.456606488173335 6.291000021343622
7.991607602805136 7.259366779899553 2.6153265663067335 7.092897431669582 0.6333020868678985 6.23252580055969 2.946455170493966 0.17786490557777845 4.939741168356179 0.8131937243344154 3.673032481388354 6.27067663584874 6.120341826748253 2.1912928392304836 3.390821679756937 0.26011723781296947 0.0 10.628636540023894 0.5956850374378996 2.7320175913810587
5.328685682607085 7.158710823316355 0.48519032364626924 1.4778628837669832 13.078129693938058 4.499324448936692 6.912303389161987 3.0488174347534773 4.193873345152616 0.1827281927784583 1.652054529997177 7.088533391498316 4.073503561461406 7.543928059029568 4.007821008049273 7.279857607110318 10.628636540023894 0.0 0.7265547728045141 1.0101781773153866
3.05993795454589 2.9920625247320807 9.699078229392759 5.625224639114435 9.001926190653355 3.331564289696674 6.323090836350061 3.8198781926821654 2.064729820358055 0.2300594125199884 6.771712394960188 1.5971859703489875 7.611283456164511 4.386329407802879 1.0718655493895044 11.456606488173335 0.5956850374378996 0.7265547728045141 0.0 6.342298647309586
2.0681016749968286 3.132305964927615 0.9161355683167178 1.604680807020241 0.4940424774928647 2.9796734339262234 1.1897450032606787 1.5819349687320488 0.4618812871734663 6.67513569770796 0.7779834313382517 0.6859997141089976 0.7533610373479659 0.5359176466814874 4.716229899989732 6.291000021343622 2.7320175913810587 1.0101781773153866 6.342298647309586 0.0
