10
0.0 88.27455652994571 90.41577467002593 81.19340332646571 114.07905471061017 138.14852087515962 138.65783684891156 62.65177882452095 97.34292878606716 95.45258237174133
88.27455652994571 0.0 97.59988873617054 86.13886297889051 93.8978890013417 93.62962069007908 147.2857465499169 120.56996341895108 119.3940089415275 130.22240964318587
90.41577467002593 97.59988873617054 0.0 103.87251252684175 167.82073528569438 150.60330960782403 121.0436315353743 78.52514488039041 126.10273197016772 48.927310487361524
81.19340332646571 86.13886297889051 103.87251252684175 0.0 68.66694621490021 108.55076852742087 50.602613689375055 168.12899907241973 126.12462439351984 96.4355793275568
114.07905471061017 93.8978890013417 167.82073528569438 68.66694621490021 0.0 103.26434821448763 101.84801358522814 126.92950726485982 85.43981037695883 80.9154422031614
138.14852087515962 93.62962069007908 150.60330960782403 108.55076852742087 103.26434821448763 0.0 70.0578660052833 88.42927990245646 106.03251560243096 121.35372226182969
138.65783684891156 147.2857465499169 121.0436315353743 50.602613689375055 101.84801358522814 70.0578660052833 0.0 107.97715596315955 134.38839357846393 99.4134965391614
62.65177882452095 120.56996341895108 78.52514488039041 168.12899907241973 126.92950726485982 88.42927990245646 107.97715596315955 0.0 104.41688134833056 104.16634022323076
97.34292878606716 119.3940089415275 126.10273197016772 126.12462439351984 85.43981037695883 106.03251560243096 134.38839357846393 104.41688134833056 0.0 100.25886136832032
95.45258237174133 130.22240964318587 48.927310487361524 96.4355793275568 80.9154422031614 121.35372226182969 99.4134965391614 104.16634022323076 100.25886136832032 0.0
