10
0.0 59.97988410113765 60.2981357231573 60.50663950742137 58.69928126788286 60.4061795086478 58.724374017425305 59.956864187256016 60.70198599530962 60.577419853893424
59.97988410113765 0.0 59.003813979948404 58.81811314951372 59.27169290442756 61.27986105387825 59.6853150527755 61.172454356893965 61.51877922369094 60.64017293431595
60.2981357231573 59.003813979948404 0.0 59.15698493340835 60.10712932968251 60.38847489666892 58.24602332705293 58.76034069802025 58.303347197107776 61.010123130362494
60.50663950742137 58.81811314951372 59.15698493340835 0.0 60.02231714206845 56.91169513442006 59.93410515607848 59.530469940297095 58.69834898043679 60.22543124202311
58.69928126788286 59.27169290442756 60.10712932968251 60.02231714206845 0.0 59.541997705796526 61.833096434362766 60.56784333327329 58.67348117902903 59.97985936937074
60.4061795086478 61.27986105387825 60.38847489666892 56.91169513442006 59.541997705796526 0.0 59.73775477138893 61.29513828180962 59.49300377591894 57.11004202220228
58.724374017425305 59.6853150527755 58.24602332705293 59.93410515607848 61.833096434362766 59.73775477138893 0.0 60.12203069706324 60.046543775005844 59.442057049272904
59.956864187256016 61.172454356893965 58.76034069802025 59.530469940297095 60.56784333327329 61.29513828180962 60.12203069706324 0.0 59.9064313027705 60.03808599379394
60.70198599530962 61.51877922369094 58.303347197107776 58.69834898043679 58.67348117902903 59.49300377591894 60.046543775005844 59.9064313027705 0.0 59.69274912075727
60.577419853893424 60.64017293431595 61.010123130362494 60.22543124202311 59.97985936937074 57.11004202220228 59.442057049272904 60.03808599379394 59.69274912075727 0.0
