10
0.0 44.33993070673708 12.766613338821536 12.766613338821536 5.5209594649349185 2.1840656473996347 11.950966126833656 11.950966126833656 7.5476746108001045 7.355503678632617
44.33993070673708 0.0 7.355503678632617 7.355503678632617 5.5209594649349185 12.766613338821536 44.33993070673708 7.355503678632617 11.950966126833656 7.5476746108001045
12.766613338821536 7.355503678632617 0.0 7.355503678632617 11.950966126833656 7.355503678632617 44.33993070673708 41.36822126052328 41.36822126052328 7.355503678632617
12.766613338821536 7.355503678632617 7.355503678632617 0.0 7.355503678632617 11.950966126833656 12.766613338821536 7.5476746108001045 7.355503678632617 41.36822126052328
5.5209594649349185 5.5209594649349185 11.950966126833656 7.355503678632617 0.0 41.36822126052328 7.355503678632617 7.355503678632617 7.5476746108001045 7.355503678632617
2.1840656473996347 12.766613338821536 7.355503678632617 11.950966126833656 41.36822126052328 0.0 12.766613338821536 2.1840656473996347 12.11816371746206 5.5209594649349185
11.950966126833656 44.33993070673708 44.33993070673708 12.766613338821536 7.355503678632617 12.766613338821536 0.0 12.766613338821536 12.11816371746206 33.919330659307604
11.950966126833656 7.355503678632617 41.36822126052328 7.5476746108001045 7.355503678632617 2.1840656473996347 12.766613338821536 0.0 7.355503678632617 41.36822126052328
7.5476746108001045 11.950966126833656 41.36822126052328 7.355503678632617 7.5476746108001045 12.11816371746206 12.11816371746206 7.355503678632617 0.0 12.11816371746206
7.355503678632617 7.5476746108001045 7.355503678632617 41.36822126052328 7.355503678632617 5.5209594649349185 33.919330659307604 41.36822126052328 12.11816371746206 0.0
