10
0.0 18.499643306741984 19.998028627355872 20.592649581287528 20.017743382841424 21.14127037426741 22.555667445665108 21.393741801107844 19.16133197757911 21.03217057854197
18.499643306741984 0.0 21.28820044638578 18.736849440919958 21.473745338380947 20.473013779020317 20.524632393750508 18.52200505295881 20.03890320513302 20.005528235766157
19.998028627355872 21.28820044638578 0.0 19.900985521515825 20.115482379108 18.733925497622796 20.092657153916644 19.635792308195654 20.5653173867329 18.138879532026174
20.592649581287528 18.736849440919958 19.900985521515825 0.0 19.069446569316902 20.15417060374655 20.231949894763357 19.117553281669405 19.577556177447175 19.636625677531327
20.017743382841424 21.473745338380947 20.115482379108 19.069446569316902 0.0 19.60131887931489 19.778314956049083 19.250534864882486 19.53648807741212 18.0880412384926
21.14127037426741 20.473013779020317 18.733925497622796 20.15417060374655 19.60131887931489 0.0 19.88068759049294 19.939330026453757 20.024423278524736 21.29699551387803
22.555667445665108 20.524632393750508 20.092657153916644 20.231949894763357 19.778314956049083 19.88068759049294 0.0 18.96965638212488 22.288436587421444 19.73316867429439
21.393741801107844 18.52200505295881 19.635792308195654 19.117553281669405 19.250534864882486 19.939330026453757 18.96965638212488 0.0 20.63789062949624 21.191646317754014
19.16133197757911 20.03890320513302 20.5653173867329 19.577556177447175 19.53648807741212 20.024423278524736 22.288436587421444 20.63789062949624 0.0 20.080416858043595
21.03217057854197 20.005528235766157 18.138879532026174 19.636625677531327 18.0880412384926 21.29699551387803 19.73316867429439 21.191646317754014 20.080416858043595 0.0
