10
0.0 0.63663857259189 5.56313330716123 4.382777116451987 4.7460262423692114 24.757225143687876 10.099663456584379 14.786623646697624 36.471696171397326 27.46275064249528
0.63663857259189 0.0 5.779177937047871 1.6337382912733966 0.8556708971449871 6.052068190995954 18.749944178050725 7.692026283549836 22.314167898176436 1.2469601546751607
5.56313330716123 5.779177937047871 0.0 16.18474650121352 4.0628136833462865 18.931116817815585 12.194754295959672 3.552889140385954 2.995098164927036 13.978867591781436
4.382777116451987 1.6337382912733966 16.18474650121352 0.0 5.741061900941982 16.12464679509374 6.12585079412923 13.704333144981888 6.9625134224869125 17.257821161631796
4.7460262423692114 0.8556708971449871 4.0628136833462865 5.741061900941982 0.0 19.184030707959607 15.189836165371243 9.263439136478432 10.87532114052545 29.4073990722281
24.757225143687876 6.052068190995954 18.931116817815585 16.12464679509374 19.184030707959607 0.0 8.915570479775813 13.181976916239481 19.587231621538358 17.062620024494517
10.099663456584379 18.749944178050725 12.194754295959672 6.12585079412923 15.189836165371243 8.915570479775813 0.0 23.393324987605187 22.73481809402558 5.152324929108425
14.786623646697624 7.692026283549836 3.552889140385954 13.704333144981888 9.263439136478432 13.181976916239481 23.393324987605187 0.0 17.993422078754172 21.33616794492787
36.471696171397326 22.314167898176436 2.995098164927036 6.9625134224869125 10.87532114052545 19.587231621538358 22.73481809402558 17.993422078754172 0.0 12.309843945464932
27.46275064249528 1.2469601546751607 13.978867591781436 17.257821161631796 29.4073990722281 17.062620024494517 5.152324929108425 21.33616794492787 12.309843945464932 0.0
