10
0.0 16.081431659769713 2.916835100341091 1.1702746496721201 3.0943702888642344 12.799998746428749 10.17276664100964 6.39162085993981 3.289983802075869 12.413724297196552
16.081431659769713 0.0 10.240727650830799 11.453087202932235 2.3386408088159634 11.571674018647416 10.077998798030901 11.887985594045652 19.07347058610737 4.747585031789626
2.916835100341091 10.240727650830799 0.0 6.897692526697101 0.5292308228565274 11.185672770608791 2.812744663275323 7.52267368054067 1.6607367687493486 35.525405157679614
1.1702746496721201 11.453087202932235 6.897692526697101 0.0 3.9343958269180686 10.38564924546895 4.710809250799256 14.746368005521862 5.831597820859627 7.752533237613804
3.0943702888642344 2.3386408088159634 0.5292308228565274 3.9343958269180686 0.0 0.0627768398090437 8.11015327224359 7.039860695912083 1.5681023140384764 16.332590128517843
12.799998746428749 11.571674018647416 11.185672770608791 10.38564924546895 0.0627768398090437 0.0 4.493553047094631 4.366191214168868 0.08108571469531856 18.38912101122639
10.17276664100964 10.077998798030901 2.812744663275323 4.710809250799256 8.11015327224359 4.493553047094631 0.0 12.168099981490318 15.728991762443268 4.488486307707955
6.39162085993981 11.887985594045652 7.52267368054067 14.746368005521862 7.039860695912083 4.366191214168868 12.168099981490318 0.0 13.398093339567275 9.598707114325626
3.289983802075869 19.07347058610737 1.6607367687493486 5.831597820859627 1.5681023140384764 0.08108571469531856 15.728991762443268 13.398093339567275 0.0 3.9087996069148385
12.413724297196552 4.747585031789626 35.525405157679614 7.752533237613804 16.332590128517843 18.38912101122639 4.488486307707955 9.598707114325626 3.9087996069148385 0.0
