10
0.0 11.934640483848687 9.32505223324922 9.955130356866517 10.640739579613243 9.298885853446478 10.012480639418625 8.058870237303653 9.212433013406878 9.301157165480639
11.934640483848687 0.0 9.735807402337219 9.13031446005875 9.892348032465195 10.741275423895297 9.68602609380776 9.952455459908379 10.402857370736799 9.132728571007775
9.32505223324922 9.735807402337219 0.0 8.416304094969608 8.846556663451823 10.562068811497678 10.001589827451411 12.295891455062439 9.5060514651236 8.411114614376334
9.955130356866517 9.13031446005875 8.416304094969608 0.0 10.103743969878114 10.788973062353454 10.384446370902708 9.520542142806853 7.607573999478129 10.450065586498999
10.640739579613243 9.892348032465195 8.846556663451823 10.103743969878114 0.0 12.157481354116852 9.545054994226035 10.527297277254583 11.955871402660458 8.890243763460163
9.298885853446478 10.741275423895297 10.562068811497678 10.788973062353454 12.157481354116852 0.0 10.975749986592737 9.206463927224803 8.632534402702799 9.58877868601415
10.012480639418625 9.68602609380776 10.001589827451411 10.384446370902708 9.545054994226035 10.975749986592737 0.0 11.650202370663374 11.620239046701107 9.800288251077589
8.058870237303653 9.952455459908379 12.295891455062439 9.520542142806853 10.527297277254583 9.206463927224803 11.650202370663374 0.0 11.492327221809843 9.305596944133594
9.212433013406878 10.402857370736799 9.5060514651236 7.607573999478129 11.955871402660458 8.632534402702799 11.620239046701107 11.492327221809843 0.0 8.087920137724478
9.301157165480639 9.132728571007775 8.411114614376334 10.450065586498999 8.890243763460163 9.58877868601415 9.800288251077589 9.305596944133594 8.087920137724478 0.0
