10
0.0 0.753503018526066 1.211659870024175 1.8198381318411467 1.2084790148977371 0.1615711904258924 1.7442601480141513 0.05816572811246923 1.8875182939603277 1.4441026226217555
0.753503018526066 0.0 0.24191757590040408 1.4356396334178694 2.2404673342766435 1.168725315216793 0.7673155456604223 2.1961452528104237 1.852409152999226 1.6410675617949568
1.211659870024175 0.24191757590040408 0.0 0.19309619358523678 1.997937382489909 2.126253736822915 2.1961452528104237 0.2923239166277041 0.4775127191114127 0.502790211866952
1.8198381318411467 1.4356396334178694 0.19309619358523678 0.0 0.5753373664835194 1.395816162010419 0.09149298847744136 1.6410675617949568 0.8806038240825718 0.05702349471072399
1.2084790148977371 2.2404673342766435 1.997937382489909 0.5753373664835194 0.0 1.404358291569146 0.2635346334222931 1.6159703110862327 0.24191757590040408 0.2923239166277041
0.1615711904258924 1.168725315216793 2.126253736822915 1.395816162010419 1.404358291569146 0.0 1.7316110698955587 0.024388379826874806 1.1847863780411725 0.6121916727696769
1.7442601480141513 0.7673155456604223 2.1961452528104237 0.09149298847744136 0.2635346334222931 1.7316110698955587 0.0 0.022309323708529893 1.2084790148977371 1.732162676295788
0.05816572811246923 2.1961452528104237 0.2923239166277041 1.6410675617949568 1.6159703110862327 0.024388379826874806 0.022309323708529893 0.0 2.178254464374466 1.3677457120528178
1.8875182939603277 1.852409152999226 0.4775127191114127 0.8806038240825718 0.24191757590040408 1.1847863780411725 1.2084790148977371 2.178254464374466 0.0 0.25311251513113264
1.4441026226217555 1.6410675617949568 0.502790211866952 0.05702349471072399 0.2923239166277041 0.6121916727696769 1.732162676295788 1.3677457120528178 0.25311251513113264 0.0
