10
0.0 2.505820463489334 1.6146141855764111 0.14682175718448875 0.7552827120908898 1.0514226389958745 1.6298917133483626 0.814058683053017 0.35689695436981683 1.005862984953292
2.505820463489334 0.0 0.15466933558076734 0.5725431589173472 2.061542925409944 0.8101026125681939 0.6098821984058858 1.6146141855764111 0.14682175718448875 1.5970866590222688
1.6146141855764111 0.15466933558076734 0.0 0.4225292471485178 1.6298917133483626 3.1371400409609356 0.22415471938925347 0.06235814144126506 2.505820463489334 0.030620401057311453
0.14682175718448875 0.5725431589173472 0.4225292471485178 0.0 1.6670385912172843 0.7075399978137441 2.0613830544156553 0.2983767525085619 2.8575529988330404 1.0242261411804452
0.7552827120908898 2.061542925409944 1.6298917133483626 1.6670385912172843 0.0 0.5725431589173472 0.2983767525085619 1.9714955643567609 1.0242261411804452 0.06235814144126506
1.0514226389958745 0.8101026125681939 3.1371400409609356 0.7075399978137441 0.5725431589173472 0.0 1.0514226389958745 0.021610287649074467 1.6670385912172843 0.5725431589173472
1.6298917133483626 0.6098821984058858 0.22415471938925347 2.0613830544156553 0.2983767525085619 1.0514226389958745 0.0 0.3000291122566827 2.5929797592469157 0.8711410837267094
0.814058683053017 1.6146141855764111 0.06235814144126506 0.2983767525085619 1.9714955643567609 0.021610287649074467 0.3000291122566827 0.0 0.8711410837267094 0.15466933558076734
0.35689695436981683 0.14682175718448875 2.505820463489334 2.8575529988330404 1.0242261411804452 1.6670385912172843 2.5929797592469157 0.8711410837267094 0.0 0.030620401057311453
1.005862984953292 1.5970866590222688 0.030620401057311453 1.0242261411804452 0.06235814144126506 0.5725431589173472 0.8711410837267094 0.15466933558076734 0.030620401057311453 0.0
