10
0.0 24.97929283447693 26.34243883339449 26.633019302754445 25.66104642123018 26.270317622525962 25.752378238271476 26.298148965399367 23.74795971192403 24.14050355270646
24.97929283447693 0.0 26.656526024385478 24.748526463361987 25.644975902883925 25.27431552275347 24.049962058539254 26.379824841339804 25.026060144118084 25.095474268265363
26.34243883339449 26.656526024385478 0.0 26.513134542334832 25.417151264529487 24.382831789105296 25.061016880016023 24.788108687903364 25.452399529879777 24.441417127506853
26.633019302754445 24.748526463361987 26.513134542334832 0.0 24.93917002591826 23.874668776902272 25.600023441780262 22.879098914980247 24.305854417345813 23.35629054839063
25.66104642123018 25.644975902883925 25.417151264529487 24.93917002591826 0.0 25.33898516704321 24.740172839938452 26.329409228641882 25.907735221102733 25.062394696981826
26.270317622525962 25.27431552275347 24.382831789105296 23.874668776902272 25.33898516704321 0.0 25.3888705219574 24.9444661754332 22.98493506963116 25.266201884246595
25.752378238271476 24.049962058539254 25.061016880016023 25.600023441780262 24.740172839938452 25.3888705219574 0.0 25.37303926259201 25.791147904368596 21.903905465022365
26.298148965399367 26.379824841339804 24.788108687903364 22.879098914980247 26.329409228641882 24.9444661754332 25.37303926259201 0.0 25.49887752728521 24.77802861835314
23.74795971192403 25.026060144118084 25.452399529879777 24.305854417345813 25.907735221102733 22.98493506963116 25.791147904368596 25.49887752728521 0.0 25.739424556410412
24.14050355270646 25.095474268265363 24.441417127506853 23.35629054839063 25.062394696981826 25.266201884246595 21.903905465022365 24.77802861835314 25.739424556410412 0.0
