10
0.0 62.72083002273268 54.53333523873679 56.738298895835065 38.62637412473731 56.79367816991804 19.536444890610948 42.77910233886113 46.10149710799942 33.62028779018186
62.72083002273268 0.0 61.03021432410552 60.345182560161525 51.15526879121631 42.55120521652511 48.01046272223403 46.87583392988378 60.765667349739815 59.47640313864472
54.53333523873679 61.03021432410552 0.0 59.39495612285257 45.304747020970375 59.54685530811824 65.22340237747133 51.42942957013392 25.73315570109086 66.23019081870481
56.738298895835065 60.345182560161525 59.39495612285257 0.0 58.46447979106907 60.817289105490104 45.94369730597357 48.00289315061335 61.05999501136317 39.825539477452054
38.62637412473731 51.15526879121631 45.304747020970375 58.46447979106907 0.0 63.88793166514136 25.26295031910377 48.640548233673044 60.11907754858059 35.36056046758003
56.79367816991804 42.55120521652511 59.54685530811824 60.817289105490104 63.88793166514136 0.0 28.954470937560256 60.08071937368041 76.070812117963 55.95315955280685
19.536444890610948 48.01046272223403 65.22340237747133 45.94369730597357 25.26295031910377 28.954470937560256 0.0 27.816067985623814 30.434693693233296 16.673891723905882
42.77910233886113 46.87583392988378 51.42942957013392 48.00289315061335 48.640548233673044 60.08071937368041 27.816067985623814 0.0 40.41104654022638 58.72769610108432
46.10149710799942 60.765667349739815 25.73315570109086 61.05999501136317 60.11907754858059 76.070812117963 30.434693693233296 40.41104654022638 0.0 65.66941112648445
33.62028779018186 59.47640313864472 66.23019081870481 39.825539477452054 35.36056046758003 55.95315955280685 16.673891723905882 58.72769610108432 65.66941112648445 0.0
