10
0.0 48.062947928129105 56.539672700212805 51.10148896585939 52.637949989700644 47.3449654254428 44.1086645320151 47.91274846002155 47.73902140058601 50.49474609675029
48.062947928129105 0.0 41.65994971374664 44.26664052906098 47.82059916219198 50.692769135480994 50.10704101078654 51.784988061368445 57.82674546080822 55.78026561663502
56.539672700212805 41.65994971374664 0.0 58.241065545388295 48.96408234564278 45.57119321018061 51.71690369778784 53.859871305282674 50.74076948762631 43.72571886324682
51.10148896585939 44.26664052906098 58.241065545388295 0.0 50.3023725221633 57.32242688837753 49.63165336753631 51.82731260804784 47.83788334957711 54.04718191566846
52.637949989700644 47.82059916219198 48.96408234564278 50.3023725221633 0.0 47.567056966413794 53.98184214692933 48.09230161940959 57.37726300404893 54.22592026019238
47.3449654254428 50.692769135480994 45.57119321018061 57.32242688837753 47.567056966413794 0.0 40.04926489982757 48.57855437823321 58.48045364497013 46.70335801462753
44.1086645320151 50.10704101078654 51.71690369778784 49.63165336753631 53.98184214692933 40.04926489982757 0.0 46.78286272353261 42.49499154052085 55.649316252826225
47.91274846002155 51.784988061368445 53.859871305282674 51.82731260804784 48.09230161940959 48.57855437823321 46.78286272353261 0.0 48.28145100097842 53.623743744047886
47.73902140058601 57.82674546080822 50.74076948762631 47.83788334957711 57.37726300404893 58.48045364497013 42.49499154052085 48.28145100097842 0.0 49.50407851587992
50.49474609675029 55.78026561663502 43.72571886324682 54.04718191566846 54.22592026019238 46.70335801462753 55.649316252826225 53.623743744047886 49.50407851587992 0.0
