16
0.0 0.6026912337063228 1.0558558816588262 2.789515054814099 1.2390983486867078 1.0781673341593008 0.4773494667552771 1.0759902445361291 0.33187673915009785 2.885464472553729 0.1309307946716407 1.0799861362364542 0.3212942313172409 1.1738910614435167 0.9701379785973635 0.9342139410182219
0.6026912337063228 0.0 1.185219568557122 2.0904973072134663 1.3405005227379243 0.13826381368030738 0.20907240408338046 0.11057049804140995 1.571200600471419 0.33381649202344277 1.507528606141804 1.532651852462374 0.7798571511372501 0.8075021248170434 1.0201916141101763 0.5525953565903443
1.0558558816588262 1.185219568557122 0.0 1.0807864321578373 0.4971971284346539 0.510934390188531 0.43822845391955645 1.6933290981361104 0.5414637650630865 1.2111398313386348 2.2908503077266853 2.4382042465961895 0.38525192075048365 1.7937209701533563 0.4898237681583498 0.15523483527031112
2.789515054814099 2.0904973072134663 1.0807864321578373 0.0 0.13314601703544482 3.0194933314724666 1.1490465359132869 1.5316108325583793 2.452543584201239 0.6169096726796608 0.5449696106421025 1.558822716433947 0.34237569270202217 0.018780045801634726 1.6773329134585426 2.0847346635687134
1.2390983486867078 1.3405005227379243 0.4971971284346539 0.13314601703544482 0.0 0.9552005563667695 0.34395592190769797 1.4971907865388174 1.3228340452789218 1.8189733867096765 1.4925096628495778 0.9607003258204345 0.3894010686461331 0.6698498765544885 0.2952047874818782 0.04173791542626648
1.0781673341593008 0.13826381368030738 0.510934390188531 3.0194933314724666 0.9552005563667695 0.0 0.533720320397816 0.3229681640038593 0.25676837225474114 0.5625681854094913 0.4819072260328311 0.7620710930525432 0.45490192383561157 0.9205794938772699 0.852761844401978 2.300561899901785
0.4773494667552771 0.20907240408338046 0.43822845391955645 1.1490465359132869 0.34395592190769797 0.533720320397816 0.0 0.5681584454402242 1.527772807927545 1.0144520253740805 1.8100377437418325 0.7690366153645196 0.9056745418488041 0.7088242246084253 1.64739693437879 0.19412180775546428
1.0759902445361291 0.11057049804140995 1.6933290981361104 1.5316108325583793 1.4971907865388174 0.3229681640038593 0.5681584454402242 0.0 1.2948393235467135 0.531602260508257 1.0818332244216065 0.4196819307462002 0.9860425349440871 0.7250258594462573 2.186440999873978 1.7676307016665014
0.33187673915009785 1.571200600471419 0.5414637650630865 2.452543584201239 1.3228340452789218 0.25676837225474114 1.527772807927545 1.2948393235467135 0.0 0.05962756201716901 0.30248650437611435 1.3935654828840598 1.0095542171677927 0.044893858156657473 1.231032106694511 1.0579805941730693
2.885464472553729 0.33381649202344277 1.2111398313386348 0.6169096726796608 1.8189733867096765 0.5625681854094913 1.0144520253740805 0.531602260508257 0.05962756201716901 0.0 1.2701579818822333 2.139544530837221 1.2275324973991961 2.157505103879356 0.013626126967511087 0.4518932226069472
0.1309307946716407 1.507528606141804 2.2908503077266853 0.5449696106421025 1.4925096628495778 0.4819072260328311 1.8100377437418325 1.0818332244216065 0.30248650437611435 1.2701579818822333 0.0 0.8822308075068357 0.14174167025329665 0.7375489503553821 1.4893077535269577 1.779960135277498
1.0799861362364542 1.532651852462374 2.4382042465961895 1.558822716433947 0.9607003258204345 0.7620710930525432 0.7690366153645196 0.4196819307462002 1.3935654828840598 2.139544530837221 0.8822308075068357 0.0 2.037299861502372 0.09525631303408866 2.5888502011364585 1.5397165565233213
0.3212942313172409 0.7798571511372501 0.38525192075048365 0.34237569270202217 0.3894010686461331 0.45490192383561157 0.9056745418488041 0.9860425349440871 1.0095542171677927 1.2275324973991961 0.14174167025329665 2.037299861502372 0.0 0.9365679924320018 0.3119061868875317 1.7521022942265891
1.1738910614435167 0.8075021248170434 1.7937209701533563 0.018780045801634726 0.6698498765544885 0.9205794938772699 0.7088242246084253 0.7250258594462573 0.044893858156657473 2.157505103879356 0.7375489503553821 0.09525631303408866 0.9365679924320018 0.0 0.39856720841419624 1.004685602968448
0.9701379785973635 1.0201916141101763 0.4898237681583498 1.6773329134585426 0.2952047874818782 0.852761844401978 1.64739693437879 2.186440999873978 1.231032106694511 0.013626126967511087 1.4893077535269577 2.5888502011364585 0.3119061868875317 0.39856720841419624 0.0 2.1638091407100797
0.9342139410182219 0.5525953565903443 0.15523483527031112 2.0847346635687134 0.04173791542626648 2.300561899901785 0.19412180775546428 1.7676307016665014 1.0579805941730693 0.4518932226069472 1.779960135277498 1.5397165565233213 1.7521022942265891 1.004685602968448 2.1638091407100797 0.0
