10
0.0 0.23999527955856714 3.7870926918379397 8.355921194701923 0.23999527955856714 8.355921194701923 3.98776781247246 8.395738799097405 7.049749110819553 0.7740327619819358
0.23999527955856714 0.0 0.08189926389960211 0.08189926389960211 0.7890392656937997 7.049749110819553 3.7870926918379397 0.08189926389960211 3.98776781247246 0.7740327619819358
3.7870926918379397 0.08189926389960211 0.0 8.395738799097405 8.395738799097405 3.7870926918379397 8.628626237788255 0.7890392656937997 8.628626237788255 0.7890392656937997
8.355921194701923 0.08189926389960211 8.395738799097405 0.0 0.7890392656937997 0.08189926389960211 8.628626237788255 8.628626237788255 8.395738799097405 8.395738799097405
0.23999527955856714 0.7890392656937997 8.395738799097405 0.7890392656937997 0.0 0.7740327619819358 8.628626237788255 3.7870926918379397 8.628626237788255 8.355921194701923
8.355921194701923 7.049749110819553 3.7870926918379397 0.08189926389960211 0.7740327619819358 0.0 0.7740327619819358 0.7740327619819358 0.7740327619819358 8.628626237788255
3.98776781247246 3.7870926918379397 8.628626237788255 8.628626237788255 8.628626237788255 0.7740327619819358 0.0 3.98776781247246 3.98776781247246 8.395738799097405
8.395738799097405 0.08189926389960211 0.7890392656937997 8.628626237788255 3.7870926918379397 0.7740327619819358 3.98776781247246 0.0 0.7890392656937997 0.7890392656937997
7.049749110819553 3.98776781247246 8.628626237788255 8.395738799097405 8.628626237788255 0.7740327619819358 3.98776781247246 0.7890392656937997 0.0 0.23999527955856714
0.7740327619819358 0.7740327619819358 0.7890392656937997 8.395738799097405 8.355921194701923 8.628626237788255 8.395738799097405 0.7890392656937997 0.23999527955856714 0.0
