10
0.0 1.7804107528310915 17.872764459614178 50.90533645436303 7.8946460783857635 7.8946460783857635 18.020632340393217 1.2990321275269245 12.696701784438218 17.872764459614178
1.7804107528310915 0.0 38.562089557115954 1.2990321275269245 1.2990321275269245 17.872764459614178 38.562089557115954 38.562089557115954 1.2990321275269245 1.7804107528310915
17.872764459614178 38.562089557115954 0.0 50.90533645436303 38.562089557115954 29.171197142177014 18.020632340393217 29.171197142177014 18.020632340393217 16.487321761051845
50.90533645436303 1.2990321275269245 50.90533645436303 0.0 1.2990321275269245 50.90533645436303 17.872764459614178 18.020632340393217 29.171197142177014 1.7804107528310915
7.8946460783857635 1.2990321275269245 38.562089557115954 1.2990321275269245 0.0 1.7804107528310915 50.90533645436303 1.7804107528310915 12.696701784438218 17.872764459614178
7.8946460783857635 17.872764459614178 29.171197142177014 50.90533645436303 1.7804107528310915 0.0 7.8946460783857635 18.020632340393217 7.8946460783857635 1.2990321275269245
18.020632340393217 38.562089557115954 18.020632340393217 17.872764459614178 50.90533645436303 7.8946460783857635 0.0 1.7804107528310915 18.020632340393217 12.696701784438218
1.2990321275269245 38.562089557115954 29.171197142177014 18.020632340393217 1.7804107528310915 18.020632340393217 1.7804107528310915 0.0 50.90533645436303 38.562089557115954
12.696701784438218 1.2990321275269245 18.020632340393217 29.171197142177014 12.696701784438218 7.8946460783857635 18.020632340393217 50.90533645436303 0.0 50.90533645436303
17.872764459614178 1.7804107528310915 16.487321761051845 1.7804107528310915 17.872764459614178 1.2990321275269245 12.696701784438218 38.562089557115954 50.90533645436303 0.0
