18
0.0 2.8537660678050774 1.4526213818060176 0.936914856649344 1.8743008205696592 0.7717753986032715 1.6308090289091788 0.5349424522856238 1.0128845637548636 2.62898845965988 0.14623270191727822 1.9132482024973525 0.5646758214697967 0.4868199501043742 1.4712124884337046 2.7828788604199235 2.0626899834482044 1.1287598646509927
2.8537660678050774 0.0 1.4924036317013327 1.188384758915592 0.5231481588006502 0.4148916720571082 2.253171570377671 3.4753431982721925 0.45047434860545565 1.3766639796081952 0.3952298590595018 0.2202222561787126 0.2565732016911624 0.7786528791197183 0.12835840868224513 2.1728479921214676 0.16306517610251925 1.3173017696408817
1.4526213818060176 1.4924036317013327 0.0 0.7084107694616166 0.09947391206528788 2.282156788760221 2.5845013848243736 1.005273665184406 0.2632957407351173 0.19061877753204137 1.0950083853912802 0.5877466264049318 1.5576366761311702 0.00014526267677639204 2.143645296661736 1.0322667817599682 1.2222429816275004 1.5154663162596345
0.936914856649344 1.188384758915592 0.7084107694616166 0.0 0.3922144692271935 1.2494675413174927 0.23957937178131428 2.012042881384171 1.0420294550535627 0.857151443909129 0.3451411754031428 0.2569873957875648 0.9736941920949939 0.6014632983015935 0.44535000773928346 1.7899793446479861 0.6283616711724629 2.127574884669424
1.8743008205696592 0.5231481588006502 0.09947391206528788 0.3922144692271935 0.0 1.7139978328772916 2.7085444421198233 1.5701500529267958 2.245931366785311 0.11492342562865854 3.6334328117600356 0.3721469122869767 0.5045426607646015 0.5173032251879497 0.9007494775316796 1.0509636201982513 1.349328598995954 0.7806786681350212
0.7717753986032715 0.4148916720571082 2.282156788760221 1.2494675413174927 1.7139978328772916 0.0 2.1731266589684877 0.36020370843565896 0.290273030458163 1.0484457292000724 1.7623273278643286 1.5037237950143094 0.9621855539352604 1.1100769339428196 0.37044991298789864 0.323958248764201 2.1289326080355826 1.0463917912482115
1.6308090289091788 2.253171570377671 2.5845013848243736 0.23957937178131428 2.7085444421198233 2.1731266589684877 0.0 0.8116048028901011 0.6661140717450208 2.5423037509703184 0.8704207332578117 0.1374109760122223 0.6935495766235236 3.0202696915720844 0.5877285369996614 1.306277705452418 0.4354279033435855 1.282215338393497
0.5349424522856238 3.4753431982721925 1.005273665184406 2.012042881384171 1.5701500529267958 0.36020370843565896 0.8116048028901011 0.0 0.5200960192797177 2.769886257294606 1.7465905879558183 1.4222989814694977 1.4005005792347582 1.630008821300975 0.657586172983259 1.4433238494774059 0.4699865718875422 0.8762736203769792
1.0128845637548636 0.45047434860545565 0.2632957407351173 1.0420294550535627 2.245931366785311 0.290273030458163 0.6661140717450208 0.5200960192797177 0.0 2.016469912753083 0.10778632742061367 0.7959124249123695 1.3522696353356576 0.33810673243666045 2.000807707796275 0.4840346266649602 0.5971119979730215 0.6957543372595048
2.62898845965988 1.3766639796081952 0.19061877753204137 0.857151443909129 0.11492342562865854 1.0484457292000724 2.5423037509703184 2.769886257294606 2.016469912753083 0.0 1.9634626688664563 1.3038578175142765 1.5728104047985263 0.5717600934618803 0.7900132623926553 1.0395575970892204 1.963982452882588 2.657688980549022
0.14623270191727822 0.3952298590595018 1.0950083853912802 0.3451411754031428 3.6334328117600356 1.7623273278643286 0.8704207332578117 1.7465905879558183 0.10778632742061367 1.9634626688664563 0.0 0.6839874788456872 0.015213183609177006 0.839579083995609 0.5026843825098022 1.4068997107079717 0.3993927583259158 1.4515180564904684
1.9132482024973525 0.2202222561787126 0.5877466264049318 0.2569873957875648 0.3721469122869767 1.5037237950143094 0.1374109760122223 1.4222989814694977 0.7959124249123695 1.3038578175142765 0.6839874788456872 0.0 1.5666464712308088 1.489121586688264 1.0509193803142882 0.913860801482028 2.915638232961808 0.3459255429380552
0.5646758214697967 0.2565732016911624 1.5576366761311702 0.9736941920949939 0.5045426607646015 0.9621855539352604 0.6935495766235236 1.4005005792347582 1.3522696353356576 1.5728104047985263 0.015213183609177006 1.5666464712308088 0.0 0.3811077122698827 3.3147244777031974 1.2608297666202337 0.08502652083233242 0.6848983587008559
0.4868199501043742 0.7786528791197183 0.00014526267677639204 0.6014632983015935 0.5173032251879497 1.1100769339428196 3.0202696915720844 1.630008821300975 0.33810673243666045 0.5717600934618803 0.839579083995609 1.489121586688264 0.3811077122698827 0.0 0.03128097455089107 1.337360770184528 0.20794377142011644 1.8252422664131398
1.4712124884337046 0.12835840868224513 2.143645296661736 0.44535000773928346 0.9007494775316796 0.37044991298789864 0.5877285369996614 0.657586172983259 2.000807707796275 0.7900132623926553 0.5026843825098022 1.0509193803142882 3.3147244777031974 0.03128097455089107 0.0 1.640997053863869 0.8575185434308495 1.8713701955736055
2.7828788604199235 2.1728479921214676 1.0322667817599682 1.7899793446479861 1.0509636201982513 0.323958248764201 1.306277705452418 1.4433238494774059 0.4840346266649602 1.0395575970892204 1.4068997107079717 0.913860801482028 1.2608297666202337 1.337360770184528 1.640997053863869 0.0 0.6933007739515126 0.4193912133842016
2.0626899834482044 0.16306517610251925 1.2222429816275004 0.6283616711724629 1.349328598995954 2.1289326080355826 0.4354279033435855 0.4699865718875422 0.5971119979730215 1.963982452882588 0.3993927583259158 2.915638232961808 0.08502652083233242 0.20794377142011644 0.8575185434308495 0.6933007739515126 0.0 0.44930005241168314
1.1287598646509927 1.3173017696408817 1.5154663162596345 2.127574884669424 0.7806786681350212 1.0463917912482115 1.282215338393497 0.8762736203769792 0.6957543372595048 2.657688980549022 1.4515180564904684 0.3459255429380552 0.6848983587008559 1.8252422664131398 1.8713701955736055 0.4193912133842016 0.44930005241168314 0.0
