16
0.0 4.472416168575112 0.8375948563540045 6.114466671179995 9.770790705284634 4.769608520681812 2.0508727106574716 7.704169815167496 0.24289653118808052 0.14307295052019953 6.844145334734211 3.6663286491336153 0.8423725195296425 1.564430657679822 5.546466930374495 1.597314009789331
4.472416168575112 0.0 4.537711943154414 14.162144271474588 5.305361926328154 3.2196470903026806 3.0323559847090635 3.6468560077781595 6.9922898851640625 0.4008938078209461 7.469272325854719 4.52798679946093 7.033146334132773 3.6399946811601973 3.5664183352506873 7.03561597310681
0.8375948563540045 4.537711943154414 0.0 3.9038273015823175 8.947514887627985 2.034118700156276 0.5775658195284796 5.6556390460736745 3.7776134137503243 4.043650610850602 2.0281953960129715 5.25869435267269 2.69657309714267 4.154182825980275 3.2491447179218955 5.405171997639794
6.114466671179995 14.162144271474588 3.9038273015823175 0.0 5.562835670918336 4.9346216900560815 6.767039246362758 4.329996417604273 2.0439849537584034 0.366338544848845 1.822969270805479 9.137268958989939 0.45955806538496735 4.948814570545627 4.233275146067102 4.568664942614473
9.770790705284634 5.305361926328154 8.947514887627985 5.562835670918336 0.0 6.205728435901351 3.2773268309877057 3.692444740638969 3.0998106391438704 1.0487924399566095 1.099872160895102 4.037782313186581 4.434970438426423 2.2325312369226036 0.47518388517764354 4.273492423571155
4.769608520681812 3.2196470903026806 2.034118700156276 4.9346216900560815 6.205728435901351 0.0 8.307311883621395 2.824477393242465 2.3851376997965095 1.1245011562640905 4.99577740492141 2.0541420458580033 2.1078043712074384 2.6155966207010266 5.383308360848217 7.189678691081465
2.0508727106574716 3.0323559847090635 0.5775658195284796 6.767039246362758 3.2773268309877057 8.307311883621395 0.0 7.217121135434008 0.6034297358529703 4.023630361237419 8.188964719229833 1.3374964169109265 1.5878571382209588 2.28954882246103 5.945828100317255 3.500522907562548
7.704169815167496 3.6468560077781595 5.6556390460736745 4.329996417604273 3.692444740638969 2.824477393242465 7.217121135434008 0.0 1.932806592581338 4.993061494152159 1.4897177163591455 6.680532178604003 3.3330117395637204 0.7109255784294988 8.93867032785058 11.461660998559807
0.24289653118808052 6.9922898851640625 3.7776134137503243 2.0439849537584034 3.0998106391438704 2.3851376997965095 0.6034297358529703 1.932806592581338 0.0 4.99612515309745 3.766620964939632 1.7947979078288978 5.80523075049416 2.233805199358216 0.36894946894103897 3.3264710473617085
0.14307295052019953 0.4008938078209461 4.043650610850602 0.366338544848845 1.0487924399566095 1.1245011562640905 4.023630361237419 4.993061494152159 4.99612515309745 0.0 4.40125641305543 3.6663917717837746 0.1218759223031809 5.113472523861442 3.625779550507195 10.178580929005104
6.844145334734211 7.469272325854719 2.0281953960129715 1.822969270805479 1.099872160895102 4.99577740492141 8.188964719229833 1.4897177163591455 3.766620964939632 4.40125641305543 0.0 1.1443771899586768 3.00093961345539 10.205529632811084 0.9857753169091098 0.7780378179932834
3.6663286491336153 4.52798679946093 5.25869435267269 9.137268958989939 4.037782313186581 2.0541420458580033 1.3374964169109265 6.680532178604003 1.7947979078288978 3.6663917717837746 1.1443771899586768 0.0 8.33879226195802 6.210774919865868 0.5904349979439469 1.5541363582736318
0.8423725195296425 7.033146334132773 2.69657309714267 0.45955806538496735 4.434970438426423 2.1078043712074384 1.5878571382209588 3.3330117395637204 5.80523075049416 0.1218759223031809 3.00093961345539 8.33879226195802 0.0 4.2783424196121596 10.113700499016446 4.245535428056154
1.564430657679822 3.6399946811601973 4.154182825980275 4.948814570545627 2.2325312369226036 2.6155966207010266 2.28954882246103 0.7109255784294988 2.233805199358216 5.113472523861442 10.205529632811084 6.210774919865868 4.2783424196121596 0.0 5.01493522576551 3.284398936892936
5.546466930374495 3.5664183352506873 3.2491447179218955 4.233275146067102 0.47518388517764354 5.383308360848217 5.945828100317255 8.93867032785058 0.36894946894103897 3.625779550507195 0.9857753169091098 0.5904349979439469 10.113700499016446 5.01493522576551 0.0 0.46909837629244233
1.597314009789331 7.03561597310681 5.405171997639794 4.568664942614473 4.273492423571155 7.189678691081465 3.500522907562548 11.461660998559807 3.3264710473617085 10.178580929005104 0.7780378179932834 1.5541363582736318 4.245535428056154 3.284398936892936 0.46909837629244233 0.0
