10
0.0 21.360613470917414 19.45273227561021 19.45273227561021 20.429947477187078 20.33915775290931 19.407645886660653 20.429947477187078 20.33915775290931 21.878881539345503
21.360613470917414 0.0 20.078761428518256 20.429947477187078 19.407645886660653 18.85815715642839 19.13400874458426 21.878881539345503 18.4003227490672 19.13400874458426
19.45273227561021 20.078761428518256 0.0 21.360613470917414 18.85815715642839 19.407645886660653 20.33915775290931 19.13400874458426 20.078761428518256 19.45273227561021
19.45273227561021 20.429947477187078 21.360613470917414 0.0 19.45273227561021 20.429947477187078 21.878881539345503 21.878881539345503 18.85815715642839 19.45273227561021
20.429947477187078 19.407645886660653 18.85815715642839 19.45273227561021 0.0 19.407645886660653 20.33915775290931 20.429947477187078 20.078761428518256 19.45273227561021
20.33915775290931 18.85815715642839 19.407645886660653 20.429947477187078 19.407645886660653 0.0 18.4003227490672 18.4003227490672 20.078761428518256 21.878881539345503
19.407645886660653 19.13400874458426 20.33915775290931 21.878881539345503 20.33915775290931 18.4003227490672 0.0 18.85815715642839 19.407645886660653 21.360613470917414
20.429947477187078 21.878881539345503 19.13400874458426 21.878881539345503 20.429947477187078 18.4003227490672 18.85815715642839 0.0 19.13400874458426 20.33915775290931
20.33915775290931 18.4003227490672 20.078761428518256 18.85815715642839 20.078761428518256 20.078761428518256 19.407645886660653 19.13400874458426 0.0 18.4003227490672
21.878881539345503 19.13400874458426 19.45273227561021 19.45273227561021 19.45273227561021 21.878881539345503 21.360613470917414 20.33915775290931 18.4003227490672 0.0
