10
0.0 13.733757867029741 3.440250269233019 21.055603685088137 18.452435181758457 13.434338584500182 5.5736108554620145 15.040039871239408 8.31954011183751 15.027409514293197
13.733757867029741 0.0 7.1453827547564615 4.613292945338047 2.0339606454795103 14.709897862949006 7.2404003581257825 15.753742487681947 2.298133019261634 15.201378821464957
3.440250269233019 7.1453827547564615 0.0 17.321278298095848 4.458838962375886 23.073368277549598 1.6747933218552173 19.308839410047646 8.00304261315641 10.220318377362243
21.055603685088137 4.613292945338047 17.321278298095848 0.0 22.164448921464896 10.671414637290985 11.13110730891997 6.559954342886066 8.241481879091594 16.38310934943631
18.452435181758457 2.0339606454795103 4.458838962375886 22.164448921464896 0.0 6.8572750186017 17.181250961628777 9.33207682674185 1.8991373059531096 4.792783085964864
13.434338584500182 14.709897862949006 23.073368277549598 10.671414637290985 6.8572750186017 0.0 32.742262180965305 13.838972399466929 22.423563851842744 5.889980912055388
5.5736108554620145 7.2404003581257825 1.6747933218552173 11.13110730891997 17.181250961628777 32.742262180965305 0.0 12.083731327787692 0.732859749258715 5.749405315478198
15.040039871239408 15.753742487681947 19.308839410047646 6.559954342886066 9.33207682674185 13.838972399466929 12.083731327787692 0.0 10.13178230393875 4.588135286733891
8.31954011183751 2.298133019261634 8.00304261315641 8.241481879091594 1.8991373059531096 22.423563851842744 0.732859749258715 10.13178230393875 0.0 16.53199595919421
15.027409514293197 15.201378821464957 10.220318377362243 16.38310934943631 4.792783085964864 5.889980912055388 5.749405315478198 4.588135286733891 16.53199595919421 0.0
