10
0.0 0.2432148324361999 0.6662111436828541 0.8252093858686211 1.6513244117788264 1.10720853720192 0.524044952361024 1.1123944145688516 1.1123944145688516 0.524044952361024
0.2432148324361999 0.0 1.2592852202970053 1.10720853720192 0.42139078885606673 0.42139078885606673 0.524044952361024 0.8252093858686211 0.2432148324361999 1.1123944145688516
0.6662111436828541 1.2592852202970053 0.0 1.714162433100798 0.524044952361024 0.8104582039022685 1.9081561421272601 0.21545326769546946 1.9081561421272601 1.714162433100798
0.8252093858686211 1.10720853720192 1.714162433100798 0.0 1.6513244117788264 1.1123944145688516 1.714162433100798 1.2592852202970053 0.42139078885606673 0.8104582039022685
1.6513244117788264 0.42139078885606673 0.524044952361024 1.6513244117788264 0.0 0.2432148324361999 0.2825410150948696 0.2825410150948696 0.6662111436828541 0.8104582039022685
1.10720853720192 0.42139078885606673 0.8104582039022685 1.1123944145688516 0.2432148324361999 0.0 1.2592852202970053 0.3446227576683245 0.8104582039022685 0.21545326769546946
0.524044952361024 0.524044952361024 1.9081561421272601 1.714162433100798 0.2825410150948696 1.2592852202970053 0.0 1.10720853720192 0.2432148324361999 0.2432148324361999
1.1123944145688516 0.8252093858686211 0.21545326769546946 1.2592852202970053 0.2825410150948696 0.3446227576683245 1.10720853720192 0.0 0.7727240910013499 1.2592852202970053
1.1123944145688516 0.2432148324361999 1.9081561421272601 0.42139078885606673 0.6662111436828541 0.8104582039022685 0.2432148324361999 0.7727240910013499 0.0 0.8252093858686211
0.524044952361024 1.1123944145688516 1.714162433100798 0.8104582039022685 0.8104582039022685 0.21545326769546946 0.2432148324361999 1.2592852202970053 0.8252093858686211 0.0
