18
0.0 4.27268877401912 9.87068363749607 1.7924287883430603 4.041957799260681 3.4548613514618998 6.396072696993591 8.499657064923435 3.5576887868396407 3.562592778253917 3.626535061952321 5.377272119472384 1.4979737927789922 2.7797434791458406 9.6200236385197 4.982733668874719 2.034647851349139 0.4566900766387981
4.27268877401912 0.0 3.0198029751957907 7.026241987798539 2.4549150209361894 6.274895620753311 0.2400941865045787 1.619040856514962 0.8379991555386608 9.480795168865855 5.530125580064209 2.8172723764962417 12.4033179485711 1.0451990885483693 8.195392552424977 7.559171563140861 2.797189525075253 3.569486315707308
9.87068363749607 3.0198029751957907 0.0 1.7636165544626006 3.125240643503323 3.709851489418414 10.363192901878904 0.6570343764086093 6.648703638627874 1.9088012582681761 2.0814625435120058 0.6806192018753211 2.3223640793610087 1.8003404227373658 1.8156870687998339 0.012368092429617672 10.647885510822906 6.825276459327636
1.7924287883430603 7.026241987798539 1.7636165544626006 0.0 0.8792205920272551 3.3213100992331768 2.1844125285278886 0.0793037770439653 0.8023588756015435 0.2571983112819973 1.3627334010927799 4.497032906716192 2.0942170617536826 14.110219198335757 3.1137392294168524 7.054600976824636 1.5054637278650507 4.86002002150584
4.041957799260681 2.4549150209361894 3.125240643503323 0.8792205920272551 0.0 2.4625599355121413 11.93935000425231 1.783563853215456 1.670855002421856 4.9540761885556535 8.782557076954216 4.0019437385254495 5.013816796000395 1.2894348354597511 10.041309065429365 1.994950038776138 3.4098009362310364 7.931699798823047
3.4548613514618998 6.274895620753311 3.709851489418414 3.3213100992331768 2.4625599355121413 0.0 2.372632098453756 4.302535901461432 7.8950939318565 2.3331549573320207 1.8067395395322734 3.7990741460880306 0.4482918414486279 4.008276982648237 4.53208661165171 5.231621863419447 2.619590432926194 4.450123439944759
6.396072696993591 0.2400941865045787 10.363192901878904 2.1844125285278886 11.93935000425231 2.372632098453756 0.0 0.11174465202468586 0.8901333135211975 0.46358620946682927 3.1805086580464437 0.6353497784645701 5.999098938401543 3.75853221427585 3.1460592612495235 5.455961163693991 0.6808148894035662 5.955286766185101
8.499657064923435 1.619040856514962 0.6570343764086093 0.0793037770439653 1.783563853215456 4.302535901461432 0.11174465202468586 0.0 7.670819267935322 6.9128858444764445 3.4565341999597905 1.8150862271551431 4.081664955239821 5.573904216044816 4.089132789630243 6.4500218929235364 1.2804151081796 2.5005544308733643
3.5576887868396407 0.8379991555386608 6.648703638627874 0.8023588756015435 1.670855002421856 7.8950939318565 0.8901333135211975 7.670819267935322 0.0 6.508288834546863 1.6005613346083951 3.221083763247803 3.1975674097505253 3.707843714938669 2.991837329727643 6.394623138668958 5.119387486165634 4.877904340091251
3.562592778253917 9.480795168865855 1.9088012582681761 0.2571983112819973 4.9540761885556535 2.3331549573320207 0.46358620946682927 6.9128858444764445 6.508288834546863 0.0 4.860518934425704 5.7740787276564856 3.791281285545825 5.299014223258178 3.2219610917898316 2.1956828725885904 6.582763331732997 4.1323047977899545
3.626535061952321 5.530125580064209 2.0814625435120058 1.3627334010927799 8.782557076954216 1.8067395395322734 3.1805086580464437 3.4565341999597905 1.6005613346083951 4.860518934425704 0.0 2.9221667350346605 9.033762451185142 0.5570605302182747 1.8939237855030737 8.186281516326124 10.033984785959541 5.982411879154063
5.377272119472384 2.8172723764962417 0.6806192018753211 4.497032906716192 4.0019437385254495 3.7990741460880306 0.6353497784645701 1.8150862271551431 3.221083763247803 5.7740787276564856 2.9221667350346605 0.0 11.268253017150633 6.473887500327901 0.9563336452175757 5.890538966594113 0.9973307278935155 3.2308706136604743
1.4979737927789922 12.4033179485711 2.3223640793610087 2.0942170617536826 5.013816796000395 0.4482918414486279 5.999098938401543 4.081664955239821 3.1975674097505253 3.791281285545825 9.033762451185142 11.268253017150633 0.0 8.659818347533468 0.8176955647421815 0.22536631099129134 4.3945499922357865 3.57082931603553
2.7797434791458406 1.0451990885483693 1.8003404227373658 14.110219198335757 1.2894348354597511 4.008276982648237 3.75853221427585 5.573904216044816 3.707843714938669 5.299014223258178 0.5570605302182747 6.473887500327901 8.659818347533468 0.0 1.246001228258566 0.6500626948874677 5.995528182683558 3.61525447176973
9.6200236385197 8.195392552424977 1.8156870687998339 3.1137392294168524 10.041309065429365 4.53208661165171 3.1460592612495235 4.089132789630243 2.991837329727643 3.2219610917898316 1.8939237855030737 0.9563336452175757 0.8176955647421815 1.246001228258566 0.0 2.4223429854248435 0.08500893363835571 4.5354484309693
4.982733668874719 7.559171563140861 0.012368092429617672 7.054600976824636 1.994950038776138 5.231621863419447 5.455961163693991 6.4500218929235364 6.394623138668958 2.1956828725885904 8.186281516326124 5.890538966594113 0.22536631099129134 0.6500626948874677 2.4223429854248435 0.0 1.0447713470697642 0.3548008615074849
2.034647851349139 2.797189525075253 10.647885510822906 1.5054637278650507 3.4098009362310364 2.619590432926194 0.6808148894035662 1.2804151081796 5.119387486165634 6.582763331732997 10.033984785959541 0.9973307278935155 4.3945499922357865 5.995528182683558 0.08500893363835571 1.0447713470697642 0.0 3.980998771373529
0.4566900766387981 3.569486315707308 6.825276459327636 4.86002002150584 7.931699798823047 4.450123439944759 5.955286766185101 2.5005544308733643 4.877904340091251 4.1323047977899545 5.982411879154063 3.2308706136604743 3.57082931603553 3.61525447176973 4.5354484309693 0.3548008615074849 3.980998771373529 0.0
