10
0.0 100.65218981257176 100.26407130984485 98.91841647982062 100.66930047140974 98.84133759311909 99.05139984621975 99.16420976064244 100.79520802827193 99.63806590696086
100.65218981257176 0.0 100.832648969444 100.80901094513075 99.18116054701046 101.0078538839862 101.26559408714667 100.7041526935109 100.82123409912398 99.38351256513886
100.26407130984485 100.832648969444 0.0 99.70433875683955 102.48881067059014 101.99157692596266 99.9392128178091 99.99456412175483 98.6789626359143 99.71454990221577
98.91841647982062 100.80901094513075 99.70433875683955 0.0 99.60870057658832 101.12844963578827 100.12291899791917 101.93015694411643 99.77725204506399 99.95106761693991
100.66930047140974 99.18116054701046 102.48881067059014 99.60870057658832 0.0 101.20242474310166 99.1548301210203 100.5479577360001 99.07012427414546 101.19781746523127
98.84133759311909 101.0078538839862 101.99157692596266 101.12844963578827 101.20242474310166 0.0 99.01508914694799 98.59942969555081 100.63125537783974 97.56836791684074
99.05139984621975 101.26559408714667 99.9392128178091 100.12291899791917 99.1548301210203 99.01508914694799 0.0 100.08560519204465 101.65243516676344 101.17438685944563
99.16420976064244 100.7041526935109 99.99456412175483 101.93015694411643 100.5479577360001 98.59942969555081 100.08560519204465 0.0 99.69238004578591 102.43721636378604
100.79520802827193 100.82123409912398 98.6789626359143 99.77725204506399 99.07012427414546 100.63125537783974 101.65243516676344 99.69238004578591 0.0 97.97651021075869
99.63806590696086 99.38351256513886 99.71454990221577 99.95106761693991 101.19781746523127 97.56836791684074 101.17438685944563 102.43721636378604 97.97651021075869 0.0
