10
0.0 1.2108382939035556 1.2546554873858706 2.0572378117591565 1.4550879643387613 0.860423293912397 0.5537804844600344 0.9924219303271621 0.1559385154928442 0.33715239589811297
1.2108382939035556 0.0 3.2278998197413653 0.47567565622429664 0.5809641117193967 1.7797917777945387 0.9563552413563335 1.2108382939035556 1.6810573692141535 2.107730491369121
1.2546554873858706 3.2278998197413653 0.0 0.7601917927115531 0.8174496716108712 0.9924219303271621 0.9035985673580129 2.610693444711517 2.403193543469074 0.23027823906798273
2.0572378117591565 0.47567565622429664 0.7601917927115531 0.0 1.0785862193878544 0.37578275259269134 0.3079808929456057 0.7115651692537147 2.0754670094144214 1.6044869435334377
1.4550879643387613 0.5809641117193967 0.8174496716108712 1.0785862193878544 0.0 0.9403513860577626 1.7797917777945387 1.126070782314212 0.8851190093587058 2.9075973133091755
0.860423293912397 1.7797917777945387 0.9924219303271621 0.37578275259269134 0.9403513860577626 0.0 1.836373216910845 1.7409536563566652 0.609926984879702 1.2618467394708661
0.5537804844600344 0.9563552413563335 0.9035985673580129 0.3079808929456057 1.7797917777945387 1.836373216910845 0.0 1.162874502476241 0.8264998048350988 0.28818571605674004
0.9924219303271621 1.2108382939035556 2.610693444711517 0.7115651692537147 1.126070782314212 1.7409536563566652 1.162874502476241 0.0 0.37578275259269134 0.35459575048778114
0.1559385154928442 1.6810573692141535 2.403193543469074 2.0754670094144214 0.8851190093587058 0.609926984879702 0.8264998048350988 0.37578275259269134 0.0 0.4623121309086753
0.33715239589811297 2.107730491369121 0.23027823906798273 1.6044869435334377 2.9075973133091755 1.2618467394708661 0.28818571605674004 0.35459575048778114 0.4623121309086753 0.0
