10
0.0 14.739390441786593 26.11166500247566 30.632029411860753 3.4383264487610905 19.00622803306454 59.05152733052963 24.153822631817008 35.25758120886652 51.228086463700784
14.739390441786593 0.0 40.6579929647055 43.45228795335719 25.28054687860463 8.008831551032092 22.258563814931083 22.9291800741451 5.936308469830549 22.616110199415807
26.11166500247566 40.6579929647055 0.0 12.810357103648776 15.073880020367085 28.237925910381648 29.237488886058863 22.442147020959375 22.206379004783344 8.629584498873687
30.632029411860753 43.45228795335719 12.810357103648776 0.0 3.49968297882646 56.439612233309816 49.68211270372874 1.6737547513745152 35.11064220040061 30.71298538486831
3.4383264487610905 25.28054687860463 15.073880020367085 3.49968297882646 0.0 15.859119039952244 22.71238047729011 6.387481297195148 24.967036874902476 59.57184344049346
19.00622803306454 8.008831551032092 28.237925910381648 56.439612233309816 15.859119039952244 0.0 0.7940054329930906 22.017839491443326 42.48850984570925 18.437053157663446
59.05152733052963 22.258563814931083 29.237488886058863 49.68211270372874 22.71238047729011 0.7940054329930906 0.0 38.24358049814415 7.389422719544376 36.00112399898466
24.153822631817008 22.9291800741451 22.442147020959375 1.6737547513745152 6.387481297195148 22.017839491443326 38.24358049814415 0.0 11.594754501089634 4.633028981206811
35.25758120886652 5.936308469830549 22.206379004783344 35.11064220040061 24.967036874902476 42.48850984570925 7.389422719544376 11.594754501089634 0.0 35.32700658695707
51.228086463700784 22.616110199415807 8.629584498873687 30.71298538486831 59.57184344049346 18.437053157663446 36.00112399898466 4.633028981206811 35.32700658695707 0.0
