10
0.0 3.0078910558366774 0.43949064905127133 4.974923451565352 4.347381906204541 0.06855351321522629 1.9375588343276662 0.19633994716940606 4.347381906204541 0.43949064905127133
3.0078910558366774 0.0 4.723318344048593 0.19633994716940606 4.974923451565352 5.303208310142349 4.347381906204541 0.43949064905127133 1.9375588343276662 0.43949064905127133
0.43949064905127133 4.723318344048593 0.0 5.303208310142349 4.723318344048593 3.0078910558366774 3.0078910558366774 3.9637105708059734 3.0078910558366774 0.06855351321522629
4.974923451565352 0.19633994716940606 5.303208310142349 0.0 1.9375588343276662 0.06855351321522629 0.06855351321522629 0.19633994716940606 0.19633994716940606 3.0078910558366774
4.347381906204541 4.974923451565352 4.723318344048593 1.9375588343276662 0.0 0.19633994716940606 0.06855351321522629 1.9375588343276662 4.723318344048593 3.9637105708059734
0.06855351321522629 5.303208310142349 3.0078910558366774 0.06855351321522629 0.19633994716940606 0.0 5.303208310142349 3.0078910558366774 1.9375588343276662 0.43949064905127133
1.9375588343276662 4.347381906204541 3.0078910558366774 0.06855351321522629 0.06855351321522629 5.303208310142349 0.0 1.9375588343276662 0.43949064905127133 4.347381906204541
0.19633994716940606 0.43949064905127133 3.9637105708059734 0.19633994716940606 1.9375588343276662 3.0078910558366774 1.9375588343276662 0.0 4.974923451565352 3.0078910558366774
4.347381906204541 1.9375588343276662 3.0078910558366774 0.19633994716940606 4.723318344048593 1.9375588343276662 0.43949064905127133 4.974923451565352 0.0 5.303208310142349
0.43949064905127133 0.43949064905127133 0.06855351321522629 3.0078910558366774 3.9637105708059734 0.43949064905127133 4.347381906204541 3.0078910558366774 5.303208310142349 0.0
