10
0.0 10.9150728806349 16.92191216920728 16.3332739926096 11.241042655842891 22.954173845372296 23.038114050172986 24.938330603074053 23.038114050172986 10.9150728806349
10.9150728806349 0.0 17.745270429309585 16.3332739926096 24.938330603074053 13.814276881193111 16.3332739926096 17.745270429309585 17.745270429309585 24.938330603074053
16.92191216920728 17.745270429309585 0.0 16.3332739926096 16.92191216920728 22.954173845372296 22.954173845372296 17.745270429309585 18.831382357586378 22.954173845372296
16.3332739926096 16.3332739926096 16.3332739926096 0.0 24.938330603074053 16.3332739926096 24.938330603074053 13.814276881193111 23.038114050172986 23.038114050172986
11.241042655842891 24.938330603074053 16.92191216920728 24.938330603074053 0.0 17.745270429309585 17.745270429309585 17.745270429309585 17.745270429309585 13.814276881193111
22.954173845372296 13.814276881193111 22.954173845372296 16.3332739926096 17.745270429309585 0.0 10.9150728806349 16.92191216920728 22.954173845372296 13.814276881193111
23.038114050172986 16.3332739926096 22.954173845372296 24.938330603074053 17.745270429309585 10.9150728806349 0.0 13.814276881193111 13.814276881193111 18.831382357586378
24.938330603074053 17.745270429309585 17.745270429309585 13.814276881193111 17.745270429309585 16.92191216920728 13.814276881193111 0.0 18.831382357586378 18.831382357586378
23.038114050172986 17.745270429309585 18.831382357586378 23.038114050172986 17.745270429309585 22.954173845372296 13.814276881193111 18.831382357586378 0.0 16.92191216920728
10.9150728806349 24.938330603074053 22.954173845372296 23.038114050172986 13.814276881193111 13.814276881193111 18.831382357586378 18.831382357586378 16.92191216920728 0.0
