14
0.0 0.3689061352815628 0.8521283038858908 0.5286498270061994 0.9663568616751078 0.6422982347829556 0.5903112992480135 1.5128967975859962 1.391782547193554 1.4813074577250551 1.1215068461071085 0.26005083491267267 2.784354653279884 1.2287218567402522
0.3689061352815628 0.0 0.6947553624865808 1.687797062034882 1.7117536605941925 2.304710496020059 0.9287121952005553 0.5561981630904684 2.463124702614274 1.2405524288998586 0.02478014024605213 0.23658194701472168 1.5997254981881999 2.0849963925870267
0.8521283038858908 0.6947553624865808 0.0 1.0142923986911927 1.7142486368169092 2.070633444290239 1.6712360082866362 0.9493269530984392 3.299038290368025 1.0991785426438854 1.6008783176203143 0.8980173081035178 0.3478483226551493 2.498123138580125
0.5286498270061994 1.687797062034882 1.0142923986911927 0.0 0.17685271244288514 0.5783188029373927 2.1842665368143397 1.9778582608972597 1.008635911474451 2.015335716867983 0.7513182612619997 0.8994175175656481 0.045530260170036474 1.398303098447402
0.9663568616751078 1.7117536605941925 1.7142486368169092 0.17685271244288514 0.0 0.1479692510742221 1.7035195735678403 1.6343921279761258 1.3623475560677936 1.6563573834860765 0.1709803557025975 1.3998298475897801 1.6529547450503417 2.27536335663013
0.6422982347829556 2.304710496020059 2.070633444290239 0.5783188029373927 0.1479692510742221 0.0 0.15557655437698814 1.5166687920176911 1.268386907569674 0.30760721735741015 1.4398338526264287 3.5019052011372143 1.9944358152294592 1.4137373639225532
0.5903112992480135 0.9287121952005553 1.6712360082866362 2.1842665368143397 1.7035195735678403 0.15557655437698814 0.0 0.9158514203315911 0.5933262736026949 1.955297469990375 0.02074369228445805 0.35253162227892076 0.9536537417844677 1.2389413122885649
1.5128967975859962 0.5561981630904684 0.9493269530984392 1.9778582608972597 1.6343921279761258 1.5166687920176911 0.9158514203315911 0.0 2.6692879947895087 0.6356111392390396 1.050291527762113 0.9363050906085449 0.4007410564249525 2.395427196163399
1.391782547193554 2.463124702614274 3.299038290368025 1.008635911474451 1.3623475560677936 1.268386907569674 0.5933262736026949 2.6692879947895087 0.0 0.46466547673269054 1.7749625483053049 2.4706568975512906 2.5139125576244066 0.2534476193199313
1.4813074577250551 1.2405524288998586 1.0991785426438854 2.015335716867983 1.6563573834860765 0.30760721735741015 1.955297469990375 0.6356111392390396 0.46466547673269054 0.0 0.11018801330067274 2.251380958860879 0.2657992797856634 0.1704354453243877
1.1215068461071085 0.02478014024605213 1.6008783176203143 0.7513182612619997 0.1709803557025975 1.4398338526264287 0.02074369228445805 1.050291527762113 1.7749625483053049 0.11018801330067274 0.0 1.3379605243868005 0.06193581498537548 1.5051226401786089
0.26005083491267267 0.23658194701472168 0.8980173081035178 0.8994175175656481 1.3998298475897801 3.5019052011372143 0.35253162227892076 0.9363050906085449 2.4706568975512906 2.251380958860879 1.3379605243868005 0.0 3.1088117778661277 1.7604618667193028
2.784354653279884 1.5997254981881999 0.3478483226551493 0.045530260170036474 1.6529547450503417 1.9944358152294592 0.9536537417844677 0.4007410564249525 2.5139125576244066 0.2657992797856634 0.06193581498537548 3.1088117778661277 0.0 1.200776843511362
1.2287218567402522 2.0849963925870267 2.498123138580125 1.398303098447402 2.27536335663013 1.4137373639225532 1.2389413122885649 2.395427196163399 0.2534476193199313 0.1704354453243877 1.5051226401786089 1.7604618667193028 1.200776843511362 0.0
