10
0.0 31.111812529801366 30.272854127779016 30.956118479826443 31.314599334183075 29.70260363634217 29.10593294406723 28.3860433225206 29.085949334186125 31.65923145132044
31.111812529801366 0.0 29.04113699981613 30.16738924676228 30.963635658576482 30.57553243155964 30.148870096741177 30.130880266612937 30.178409883052634 30.87526828291067
30.272854127779016 29.04113699981613 0.0 31.58113377757649 29.424638449823448 29.743413148969044 29.530049878253095 28.954460443754286 29.505138587674285 27.671992491704298
30.956118479826443 30.16738924676228 31.58113377757649 0.0 29.838394293240164 31.08008093505835 29.106999012883673 30.895949958023298 29.251768917038433 30.338793647471054
31.314599334183075 30.963635658576482 29.424638449823448 29.838394293240164 0.0 28.04164043168801 30.452557191328918 30.471219195358344 29.869941031395413 31.009898846005655
29.70260363634217 30.57553243155964 29.743413148969044 31.08008093505835 28.04164043168801 0.0 30.41413923125234 29.676313038499753 29.23355741771279 29.428814340385152
29.10593294406723 30.148870096741177 29.530049878253095 29.106999012883673 30.452557191328918 30.41413923125234 0.0 29.96051591297609 28.755698700818147 29.054545347974475
28.3860433225206 30.130880266612937 28.954460443754286 30.895949958023298 30.471219195358344 29.676313038499753 29.96051591297609 0.0 28.952756838032276 29.45537242956429
29.085949334186125 30.178409883052634 29.505138587674285 29.251768917038433 29.869941031395413 29.23355741771279 28.755698700818147 28.952756838032276 0.0 31.41515778854583
31.65923145132044 30.87526828291067 27.671992491704298 30.338793647471054 31.009898846005655 29.428814340385152 29.054545347974475 29.45537242956429 31.41515778854583 0.0
