10
0.0 4.167076954509326 9.476706405087178 42.52897017464892 4.638786353382473 4.638786353382473 4.167076954509326 7.110038196653234 4.167076954509326 4.524866415546663
4.167076954509326 0.0 6.080867049191933 9.476706405087178 6.080867049191933 3.2844544918786314 42.52897017464892 2.072486093496713 3.2844544918786314 4.167076954509326
9.476706405087178 6.080867049191933 0.0 4.167076954509326 2.072486093496713 6.080867049191933 4.524866415546663 19.1491774042005 6.080867049191933 42.52897017464892
42.52897017464892 9.476706405087178 4.167076954509326 0.0 7.110038196653234 4.524866415546663 4.638786353382473 3.2844544918786314 7.110038196653234 42.52897017464892
4.638786353382473 6.080867049191933 2.072486093496713 7.110038196653234 0.0 4.167076954509326 4.638786353382473 4.167076954509326 19.1491774042005 4.524866415546663
4.638786353382473 3.2844544918786314 6.080867049191933 4.524866415546663 4.167076954509326 0.0 6.080867049191933 2.072486093496713 42.52897017464892 4.524866415546663
4.167076954509326 42.52897017464892 4.524866415546663 4.638786353382473 4.638786353382473 6.080867049191933 0.0 4.638786353382473 4.638786353382473 19.1491774042005
7.110038196653234 2.072486093496713 19.1491774042005 3.2844544918786314 4.167076954509326 2.072486093496713 4.638786353382473 0.0 4.167076954509326 4.524866415546663
4.167076954509326 3.2844544918786314 6.080867049191933 7.110038196653234 19.1491774042005 42.52897017464892 4.638786353382473 4.167076954509326 0.0 4.638786353382473
4.524866415546663 4.167076954509326 42.52897017464892 42.52897017464892 4.524866415546663 4.524866415546663 19.1491774042005 4.524866415546663 4.638786353382473 0.0
