10
0.0 1.2507684002997919 9.996906068639868 11.80791307042087 1.2507684002997919 1.2507684002997919 1.2507684002997919 3.671592293269878 31.316543501578984 2.1943105277566652
1.2507684002997919 0.0 35.84814234287127 3.671592293269878 24.816778621213164 9.996906068639868 11.80791307042087 31.316543501578984 15.14627495757425 15.14627495757425
9.996906068639868 35.84814234287127 0.0 11.80791307042087 3.671592293269878 6.931368390577051 1.2507684002997919 2.1943105277566652 31.316543501578984 15.14627495757425
11.80791307042087 3.671592293269878 11.80791307042087 0.0 31.316543501578984 9.996906068639868 3.671592293269878 31.316543501578984 31.316543501578984 3.671592293269878
1.2507684002997919 24.816778621213164 3.671592293269878 31.316543501578984 0.0 3.671592293269878 31.316543501578984 24.816778621213164 2.1943105277566652 35.84814234287127
1.2507684002997919 9.996906068639868 6.931368390577051 9.996906068639868 3.671592293269878 0.0 6.931368390577051 31.316543501578984 31.316543501578984 11.80791307042087
1.2507684002997919 11.80791307042087 1.2507684002997919 3.671592293269878 31.316543501578984 6.931368390577051 0.0 3.671592293269878 11.80791307042087 6.931368390577051
3.671592293269878 31.316543501578984 2.1943105277566652 31.316543501578984 24.816778621213164 31.316543501578984 3.671592293269878 0.0 6.931368390577051 35.84814234287127
31.316543501578984 15.14627495757425 31.316543501578984 31.316543501578984 2.1943105277566652 31.316543501578984 11.80791307042087 6.931368390577051 0.0 24.816778621213164
2.1943105277566652 15.14627495757425 15.14627495757425 3.671592293269878 35.84814234287127 11.80791307042087 6.931368390577051 35.84814234287127 24.816778621213164 0.0
