10
0.0 2.663276998294921 2.405434931675055 1.2926628888299017 1.267117527605878 0.9815303678509726 0.7777453607755396 1.152502129210951 0.9734107627477984 2.045964321142222
2.663276998294921 0.0 0.8660613491465976 2.9672901875377846 1.1931525851699525 2.1394852404091687 1.152502129210951 0.7455885667148507 1.0332822868793152 1.1630857205353167
2.405434931675055 0.8660613491465976 0.0 1.0835152735450717 0.9196610007901459 2.045964321142222 0.44714352670223567 0.6839556449626145 0.3879041247566033 0.5400648665133769
1.2926628888299017 2.9672901875377846 1.0835152735450717 0.0 1.7516667604560414 0.3879041247566033 2.3509398424156496 1.2187434809716085 2.136224738143392 1.0786982451167726
1.267117527605878 1.1931525851699525 0.9196610007901459 1.7516667604560414 0.0 1.2455493427652293 0.6585330274524417 2.136224738143392 0.9734107627477984 0.1028213970095978
0.9815303678509726 2.1394852404091687 2.045964321142222 0.3879041247566033 1.2455493427652293 0.0 0.2999554168333356 1.6180935649497834 0.8933759940448978 1.011194304521988
0.7777453607755396 1.152502129210951 0.44714352670223567 2.3509398424156496 0.6585330274524417 0.2999554168333356 0.0 1.267117527605878 1.6180935649497834 1.152502129210951
1.152502129210951 0.7455885667148507 0.6839556449626145 1.2187434809716085 2.136224738143392 1.6180935649497834 1.267117527605878 0.0 0.7455885667148507 0.5265356025619075
0.9734107627477984 1.0332822868793152 0.3879041247566033 2.136224738143392 0.9734107627477984 0.8933759940448978 1.6180935649497834 0.7455885667148507 0.0 1.043374604385182
2.045964321142222 1.1630857205353167 0.5400648665133769 1.0786982451167726 0.1028213970095978 1.011194304521988 1.152502129210951 0.5265356025619075 1.043374604385182 0.0
