10
0.0 3.5063824860121047 1.3349402992590726 3.5063824860121047 0.4393496593110493 2.742631710943506 0.41269337907634074 0.4393496593110493 1.0820962288211442 0.34126591537919704
3.5063824860121047 0.0 1.5039649493601668 3.5063824860121047 1.8772594359963732 0.34126591537919704 0.032957231166146794 0.7505431762488937 0.4393496593110493 0.032957231166146794
1.3349402992590726 1.5039649493601668 0.0 1.8772594359963732 0.032957231166146794 0.032957231166146794 0.34126591537919704 1.7498249221732092 0.032957231166146794 2.43068892893655
3.5063824860121047 3.5063824860121047 1.8772594359963732 0.0 1.0820962288211442 2.742631710943506 1.3349402992590726 0.41269337907634074 1.3349402992590726 0.7505431762488937
0.4393496593110493 1.8772594359963732 0.032957231166146794 1.0820962288211442 0.0 1.3349402992590726 3.5063824860121047 0.34126591537919704 0.5035351456402326 0.4393496593110493
2.742631710943506 0.34126591537919704 0.032957231166146794 2.742631710943506 1.3349402992590726 0.0 1.9707745538754948 0.4393496593110493 1.0820962288211442 1.9707745538754948
0.41269337907634074 0.032957231166146794 0.34126591537919704 1.3349402992590726 3.5063824860121047 1.9707745538754948 0.0 1.8772594359963732 0.34126591537919704 1.8772594359963732
0.4393496593110493 0.7505431762488937 1.7498249221732092 0.41269337907634074 0.34126591537919704 0.4393496593110493 1.8772594359963732 0.0 1.7498249221732092 0.7505431762488937
1.0820962288211442 0.4393496593110493 0.032957231166146794 1.3349402992590726 0.5035351456402326 1.0820962288211442 0.34126591537919704 1.7498249221732092 0.0 1.5039649493601668
0.34126591537919704 0.032957231166146794 2.43068892893655 0.7505431762488937 0.4393496593110493 1.9707745538754948 1.8772594359963732 0.7505431762488937 1.5039649493601668 0.0
