10
0.0 19.23625348059992 7.7470117538920285 0.12157839602869203 55.79885791855061 10.98736243643418 30.718383630657776 8.069081307932876 20.109484355882902 44.74726911472474
19.23625348059992 0.0 37.334107609716796 9.085369802469025 36.47386632853909 82.0733825359331 35.08508104043486 4.163494274263701 0.3950497399281403 24.543554042954717
7.7470117538920285 37.334107609716796 0.0 30.550999431679926 16.01423155357516 24.526297598536512 57.200937584878375 6.035789912362919 2.971223223885602 15.724819539446827
0.12157839602869203 9.085369802469025 30.550999431679926 0.0 84.08138138809487 58.934257128856615 16.58705473115731 32.963916062126 18.875673508467898 10.342426608944399
55.79885791855061 36.47386632853909 16.01423155357516 84.08138138809487 0.0 62.860371231713934 63.22313321782878 19.735628985732895 17.39638401635536 46.552056558916185
10.98736243643418 82.0733825359331 24.526297598536512 58.934257128856615 62.860371231713934 0.0 53.99672325564421 70.50294845957069 22.33269518779933 9.894038497425395
30.718383630657776 35.08508104043486 57.200937584878375 16.58705473115731 63.22313321782878 53.99672325564421 0.0 4.759413479467632 46.07987890820945 49.52550588352496
8.069081307932876 4.163494274263701 6.035789912362919 32.963916062126 19.735628985732895 70.50294845957069 4.759413479467632 0.0 90.20641707146473 47.995338882465106
20.109484355882902 0.3950497399281403 2.971223223885602 18.875673508467898 17.39638401635536 22.33269518779933 46.07987890820945 90.20641707146473 0.0 26.13091167364414
44.74726911472474 24.543554042954717 15.724819539446827 10.342426608944399 46.552056558916185 9.894038497425395 49.52550588352496 47.995338882465106 26.13091167364414 0.0
