10
0.0 0.05982385758079056 0.13141520140068919 0.13141520140068919 0.578993093851162 3.0577707797693363 1.076182157655527 0.9323343293217687 1.5614341231487994 1.222476273419267
0.05982385758079056 0.0 1.1292411287239639 2.3989879123331566 2.3744156441389395 1.1923856159849355 0.5044662134409688 1.3518641103013693 0.10912988207045449 1.1923856159849355
0.13141520140068919 1.1292411287239639 0.0 1.8790995113631506 0.9202634877128689 0.9801404554404127 0.0912198665163313 0.05982385758079056 0.20755537262755286 0.13141520140068919
0.13141520140068919 2.3989879123331566 1.8790995113631506 0.0 1.857913540807199 0.3571879932842871 0.15165312273863774 0.3571879932842871 2.973536448488792 2.3989879123331566
0.578993093851162 2.3744156441389395 0.9202634877128689 1.857913540807199 0.0 0.5829021642777545 1.8790995113631506 1.8624373349554555 0.7106990054810063 2.8114302932950817
3.0577707797693363 1.1923856159849355 0.9801404554404127 0.3571879932842871 0.5829021642777545 0.0 0.780010000879959 0.6277133750143725 1.7479168281413522 2.043902744063847
1.076182157655527 0.5044662134409688 0.0912198665163313 0.15165312273863774 1.8790995113631506 0.780010000879959 0.0 0.3498315455483616 0.05982385758079056 0.780010000879959
0.9323343293217687 1.3518641103013693 0.05982385758079056 0.3571879932842871 1.8624373349554555 0.6277133750143725 0.3498315455483616 0.0 2.8114302932950817 1.007444288704207
1.5614341231487994 0.10912988207045449 0.20755537262755286 2.973536448488792 0.7106990054810063 1.7479168281413522 0.05982385758079056 2.8114302932950817 0.0 0.055442891224236956
1.222476273419267 1.1923856159849355 0.13141520140068919 2.3989879123331566 2.8114302932950817 2.043902744063847 0.780010000879959 1.007444288704207 0.055442891224236956 0.0
