10
0.0 41.10455477660981 39.903272100985795 38.99038310550359 40.077210646819154 39.62138033331674 40.25289737491646 40.384501670773155 39.512515634186066 38.84817773199215
41.10455477660981 0.0 38.58799905071957 39.303882999736615 40.64053824808961 41.01075234103612 40.333218373017054 38.688177540833266 39.530211423090854 39.012869478551
39.903272100985795 38.58799905071957 0.0 39.02275255269681 41.6968354642381 39.80894550892303 41.21839412636471 41.60077096925817 39.649003003481994 40.916964759136036
38.99038310550359 39.303882999736615 39.02275255269681 0.0 39.22872370457398 40.886078943066316 39.88309299788471 40.351379047357526 41.71993263480598 39.28329870469822
40.077210646819154 40.64053824808961 41.6968354642381 39.22872370457398 0.0 42.76276316756537 38.992228224087086 39.51809036371943 40.08512023506233 39.924265794098
39.62138033331674 41.01075234103612 39.80894550892303 40.886078943066316 42.76276316756537 0.0 40.28578110406207 41.77788553722095 41.55413179065899 41.955136219444526
40.25289737491646 40.333218373017054 41.21839412636471 39.88309299788471 38.992228224087086 40.28578110406207 0.0 40.18401768909807 38.68864718494006 39.47792232678533
40.384501670773155 38.688177540833266 41.60077096925817 40.351379047357526 39.51809036371943 41.77788553722095 40.18401768909807 0.0 39.1720769738478 40.053084289275425
39.512515634186066 39.530211423090854 39.649003003481994 41.71993263480598 40.08512023506233 41.55413179065899 38.68864718494006 39.1720769738478 0.0 40.16114340380087
38.84817773199215 39.012869478551 40.916964759136036 39.28329870469822 39.924265794098 41.955136219444526 39.47792232678533 40.053084289275425 40.16114340380087 0.0
