10
0.0 5.8042048793943755 7.776442266332898 17.699139058830397 5.111022577917741 8.55874852013479 1.6625601297036638 4.414732613611286 7.372246358219275 14.02616761740698
5.8042048793943755 0.0 11.24638564507921 12.862972249467772 8.370397775487675 11.336999601794744 15.077827862374313 14.64532214377097 12.772521310854582 10.469021396693323
7.776442266332898 11.24638564507921 0.0 10.543910346348206 4.41197705308997 4.428812563215066 12.929482119979836 15.635031247229197 6.041360877525478 6.114275191786715
17.699139058830397 12.862972249467772 10.543910346348206 0.0 15.217220556810927 7.451319313049019 3.8753444893613045 7.708654367775687 8.809759976927038 11.637356892299497
5.111022577917741 8.370397775487675 4.41197705308997 15.217220556810927 0.0 7.994074275430902 15.592188712413225 0.5876812854002864 2.709599085200388 20.41257443624187
8.55874852013479 11.336999601794744 4.428812563215066 7.451319313049019 7.994074275430902 0.0 17.596785144823027 10.581468322665637 4.1679304633477905 21.56632293989024
1.6625601297036638 15.077827862374313 12.929482119979836 3.8753444893613045 15.592188712413225 17.596785144823027 0.0 0.29142872788980867 4.671520093596221 9.111370701726942
4.414732613611286 14.64532214377097 15.635031247229197 7.708654367775687 0.5876812854002864 10.581468322665637 0.29142872788980867 0.0 3.806884833595988 0.8830528366750467
7.372246358219275 12.772521310854582 6.041360877525478 8.809759976927038 2.709599085200388 4.1679304633477905 4.671520093596221 3.806884833595988 0.0 5.561116607227537
14.02616761740698 10.469021396693323 6.114275191786715 11.637356892299497 20.41257443624187 21.56632293989024 9.111370701726942 0.8830528366750467 5.561116607227537 0.0
