10
0.0 1.407246109165413 1.6568051844391471 0.8967266135672741 1.6568051844391471 0.11072375979432669 1.139977669833596 0.09141453711109393 0.0431054971003858 1.3487365642208482
1.407246109165413 0.0 1.3487365642208482 0.2661071689383181 0.2661071689383181 1.1780496814943957 1.407246109165413 1.280632373442654 1.4122551143258963 0.6071851840568133
1.6568051844391471 1.3487365642208482 0.0 0.6071851840568133 1.755977599050371 0.9250264248130906 1.0237271854744587 0.8967266135672741 0.6232313607729374 1.407246109165413
0.8967266135672741 0.2661071689383181 0.6071851840568133 0.0 0.9923733253143315 0.43002793345296575 0.36120657367328723 0.2661071689383181 0.11072375979432669 0.9250264248130906
1.6568051844391471 0.2661071689383181 1.755977599050371 0.9923733253143315 0.0 0.36120657367328723 0.43165410424143524 1.4888852305601064 1.4888852305601064 0.5907781244057518
0.11072375979432669 1.1780496814943957 0.9250264248130906 0.43002793345296575 0.36120657367328723 0.0 0.7388371881337783 0.6579479271271961 0.9965881483390878 0.2661071689383181
1.139977669833596 1.407246109165413 1.0237271854744587 0.36120657367328723 0.43165410424143524 0.7388371881337783 0.0 1.4122551143258963 0.43002793345296575 1.4888852305601064
0.09141453711109393 1.280632373442654 0.8967266135672741 0.2661071689383181 1.4888852305601064 0.6579479271271961 1.4122551143258963 0.0 0.7388371881337783 0.7388371881337783
0.0431054971003858 1.4122551143258963 0.6232313607729374 0.11072375979432669 1.4888852305601064 0.9965881483390878 0.43002793345296575 0.7388371881337783 0.0 1.0237271854744587
1.3487365642208482 0.6071851840568133 1.407246109165413 0.9250264248130906 0.5907781244057518 0.2661071689383181 1.4888852305601064 0.7388371881337783 1.0237271854744587 0.0
