10
0.0 45.15586722949413 45.80366968164449 45.069920561133145 45.02148415571013 43.95215537194359 45.391133063326215 45.26518514964849 44.89419560002064 44.15086124493238
45.15586722949413 0.0 45.034331114222184 44.131996175045074 44.18664789850646 45.37875837687312 45.8052504232104 43.11185726396312 46.0871437364961 45.088968480826786
45.80366968164449 45.034331114222184 0.0 45.091417449889136 44.633664006464194 43.740253901907515 43.82048426278534 44.66326425411169 46.21307220854202 44.25147132268585
45.069920561133145 44.131996175045074 45.091417449889136 0.0 42.37836406970888 44.980060911116304 45.15404924143739 44.655820641914765 44.15787245747583 45.76767355374233
45.02148415571013 44.18664789850646 44.633664006464194 42.37836406970888 0.0 43.602640505556906 45.950276086907934 44.71903040856087 43.82446475478608 45.02579761745748
43.95215537194359 45.37875837687312 43.740253901907515 44.980060911116304 43.602640505556906 0.0 44.94458348965597 44.35557246130852 44.90461406369393 43.442174704445144
45.391133063326215 45.8052504232104 43.82048426278534 45.15404924143739 45.950276086907934 44.94458348965597 0.0 43.44201498586385 42.79808007430208 45.117761305135836
45.26518514964849 43.11185726396312 44.66326425411169 44.655820641914765 44.71903040856087 44.35557246130852 43.44201498586385 0.0 44.70244782632307 46.52197973296554
44.89419560002064 46.0871437364961 46.21307220854202 44.15787245747583 43.82446475478608 44.90461406369393 42.79808007430208 44.70244782632307 0.0 45.63224367091744
44.15086124493238 45.088968480826786 44.25147132268585 45.76767355374233 45.02579761745748 43.442174704445144 45.117761305135836 46.52197973296554 45.63224367091744 0.0
