10
0.0 87.01642443693942 81.01851260260685 87.20133949466053 102.13010156133727 79.78985411510013 96.23478022405999 111.52088486080513 53.82640168693222 130.60708305034026
87.01642443693942 0.0 85.51073052949002 100.1941040712257 78.44737089518105 131.81429512858426 86.10779949467965 71.42187035739576 106.3842529003283 116.89540531733122
81.01851260260685 85.51073052949002 0.0 108.15369037119598 93.2915060322264 93.63495931146456 113.16311759514413 126.76166786053327 78.71514669891982 103.51112259576153
87.20133949466053 100.1941040712257 108.15369037119598 0.0 106.74900539332756 109.80457626338705 81.36974724974961 88.06565612829503 130.06550202656229 109.55238352659576
102.13010156133727 78.44737089518105 93.2915060322264 106.74900539332756 0.0 116.63034729798642 126.32498344801363 110.80836456317296 90.12284969523955 116.36583728140423
79.78985411510013 131.81429512858426 93.63495931146456 109.80457626338705 116.63034729798642 0.0 104.10623473913527 90.79251091180454 100.56774076774987 96.29888110693442
96.23478022405999 86.10779949467965 113.16311759514413 81.36974724974961 126.32498344801363 104.10623473913527 0.0 89.80750429361282 90.57167147691834 96.63998817724324
111.52088486080513 71.42187035739576 126.76166786053327 88.06565612829503 110.80836456317296 90.79251091180454 89.80750429361282 0.0 75.0040918026884 127.39055505846903
53.82640168693222 106.3842529003283 78.71514669891982 130.06550202656229 90.12284969523955 100.56774076774987 90.57167147691834 75.0040918026884 0.0 96.03187073824147
130.60708305034026 116.89540531733122 103.51112259576153 109.55238352659576 116.36583728140423 96.29888110693442 96.63998817724324 127.39055505846903 96.03187073824147 0.0
