10
0.0 22.905429316078862 15.807704169404328 12.205393203584782 22.286707377382015 23.5877729288157 2.6764301207885097 12.205393203584782 15.003029187334665 28.228531751721313
22.905429316078862 0.0 9.47555816219208 9.47555816219208 22.286707377382015 23.5877729288157 28.228531751721313 15.807704169404328 15.807704169404328 22.905429316078862
15.807704169404328 9.47555816219208 0.0 22.286707377382015 9.47555816219208 9.47555816219208 9.47555816219208 2.6764301207885097 9.47555816219208 9.47555816219208
12.205393203584782 9.47555816219208 22.286707377382015 0.0 22.286707377382015 2.6764301207885097 15.807704169404328 15.003029187334665 22.905429316078862 18.337331064298183
22.286707377382015 22.286707377382015 9.47555816219208 22.286707377382015 0.0 22.905429316078862 9.47555816219208 2.6764301207885097 18.337331064298183 15.807704169404328
23.5877729288157 23.5877729288157 9.47555816219208 2.6764301207885097 22.905429316078862 0.0 23.5877729288157 23.5877729288157 18.337331064298183 22.905429316078862
2.6764301207885097 28.228531751721313 9.47555816219208 15.807704169404328 9.47555816219208 23.5877729288157 0.0 9.47555816219208 12.205393203584782 15.003029187334665
12.205393203584782 15.807704169404328 2.6764301207885097 15.003029187334665 2.6764301207885097 23.5877729288157 9.47555816219208 0.0 9.47555816219208 28.228531751721313
15.003029187334665 15.807704169404328 9.47555816219208 22.905429316078862 18.337331064298183 18.337331064298183 12.205393203584782 9.47555816219208 0.0 12.205393203584782
28.228531751721313 22.905429316078862 9.47555816219208 18.337331064298183 15.807704169404328 22.905429316078862 15.003029187334665 28.228531751721313 12.205393203584782 0.0
