10
0.0 5.8670186448353405 4.2624936453727935 7.251839589128425 9.043430657620366 4.374691460354645 5.286849898501552 4.2624936453727935 5.8670186448353405 7.251839589128425
5.8670186448353405 0.0 5.8670186448353405 6.705087409866171 7.251839589128425 6.705087409866171 6.705087409866171 5.8670186448353405 3.2533642943350802 6.705087409866171
4.2624936453727935 5.8670186448353405 0.0 4.2624936453727935 3.2533642943350802 5.8670186448353405 6.705087409866171 5.286849898501552 5.286849898501552 6.705087409866171
7.251839589128425 6.705087409866171 4.2624936453727935 0.0 4.374691460354645 4.374691460354645 6.705087409866171 9.043430657620366 4.347608165426118 5.8670186448353405
9.043430657620366 7.251839589128425 3.2533642943350802 4.374691460354645 0.0 3.2533642943350802 4.622123460149032 4.2624936453727935 3.2533642943350802 9.043430657620366
4.374691460354645 6.705087409866171 5.8670186448353405 4.374691460354645 3.2533642943350802 0.0 4.622123460149032 3.2533642943350802 6.705087409866171 4.347608165426118
5.286849898501552 6.705087409866171 6.705087409866171 6.705087409866171 4.622123460149032 4.622123460149032 0.0 5.286849898501552 4.2624936453727935 3.2533642943350802
4.2624936453727935 5.8670186448353405 5.286849898501552 9.043430657620366 4.2624936453727935 3.2533642943350802 5.286849898501552 0.0 3.2533642943350802 4.2624936453727935
5.8670186448353405 3.2533642943350802 5.286849898501552 4.347608165426118 3.2533642943350802 6.705087409866171 4.2624936453727935 3.2533642943350802 0.0 5.286849898501552
7.251839589128425 6.705087409866171 6.705087409866171 5.8670186448353405 9.043430657620366 4.347608165426118 3.2533642943350802 4.2624936453727935 5.286849898501552 0.0
