10
0.0 89.88190629654586 89.44911001054763 88.73299591433079 89.23625653915485 89.9464720712351 88.00220738813636 90.08531436868522 89.49917539783192 88.48016441302177
89.88190629654586 0.0 89.69167925179974 91.00017881034847 90.87362689917862 88.67733390669265 89.3914759389985 90.89135522845591 90.45839651309383 89.711728508434
89.44911001054763 89.69167925179974 0.0 89.1412919230554 91.96392441995052 88.93944757707777 91.26670841047185 90.8087199015957 90.82132094088054 90.72880679337914
88.73299591433079 91.00017881034847 89.1412919230554 0.0 87.88104908534748 90.74075952569798 91.04111544952329 90.74046729176354 88.61952952605233 89.81584248173502
89.23625653915485 90.87362689917862 91.96392441995052 87.88104908534748 0.0 89.2360951171808 90.65526026692278 89.92278871054559 89.43530806315465 89.25480639620073
89.9464720712351 88.67733390669265 88.93944757707777 90.74075952569798 89.2360951171808 0.0 89.73153962026839 89.94858956992532 89.70704646725127 89.74832924916036
88.00220738813636 89.3914759389985 91.26670841047185 91.04111544952329 90.65526026692278 89.73153962026839 0.0 90.03500039115974 88.38497295475277 89.15118805834429
90.08531436868522 90.89135522845591 90.8087199015957 90.74046729176354 89.92278871054559 89.94858956992532 90.03500039115974 0.0 89.02231468888615 89.36772771012308
89.49917539783192 90.45839651309383 90.82132094088054 88.61952952605233 89.43530806315465 89.70704646725127 88.38497295475277 89.02231468888615 0.0 89.9203995487763
88.48016441302177 89.711728508434 90.72880679337914 89.81584248173502 89.25480639620073 89.74832924916036 89.15118805834429 89.36772771012308 89.9203995487763 0.0
