10
0.0 110.44530959697812 95.89846817418771 95.32686699491167 97.75542071516537 104.93048413450138 99.82614584134348 103.16289033688753 100.44078000060989 100.63655822680657
110.44530959697812 0.0 95.86160880904819 97.76096864236307 108.32368340409603 91.45270684484838 104.27578561703673 101.35535156845305 87.49819964078833 96.90499213134932
95.89846817418771 95.86160880904819 0.0 100.0288966102012 97.02163014184696 108.303949073858 99.05089392494173 102.87585920068801 104.57939580418733 99.76169957923832
95.32686699491167 97.76096864236307 100.0288966102012 0.0 107.48846902334586 97.1957856462906 100.33116855179087 90.37461183096217 98.03754535876315 101.96809562705369
97.75542071516537 108.32368340409603 97.02163014184696 107.48846902334586 0.0 98.5762034638606 96.5439550410394 95.36627228274416 86.36238368478433 90.7252161591559
104.93048413450138 91.45270684484838 108.303949073858 97.1957856462906 98.5762034638606 0.0 106.28363141639306 90.5132957654182 100.95422136371658 102.28054945522719
99.82614584134348 104.27578561703673 99.05089392494173 100.33116855179087 96.5439550410394 106.28363141639306 0.0 99.64430282465655 100.12619649073322 106.81947018261276
103.16289033688753 101.35535156845305 102.87585920068801 90.37461183096217 95.36627228274416 90.5132957654182 99.64430282465655 0.0 94.43094079989126 94.47751303338478
100.44078000060989 87.49819964078833 104.57939580418733 98.03754535876315 86.36238368478433 100.95422136371658 100.12619649073322 94.43094079989126 0.0 105.34747706131724
100.63655822680657 96.90499213134932 99.76169957923832 101.96809562705369 90.7252161591559 102.28054945522719 106.81947018261276 94.47751303338478 105.34747706131724 0.0
