10
0.0 79.06072084084799 81.33581990746039 79.45842141517105 79.98351289669924 80.23964499197632 80.59442957581581 82.39227092647165 81.06873827600224 80.59875011564507
79.06072084084799 0.0 80.90663125726216 78.75700032511104 79.71675081951597 81.84906376019836 79.70177690020276 80.71063849019419 79.89249250940776 79.11938761386145
81.33581990746039 80.90663125726216 0.0 79.50874315169703 79.73618366054443 81.01403836829788 80.0404636046335 79.12581622212033 81.48109403271468 81.68651657815059
79.45842141517105 78.75700032511104 79.50874315169703 0.0 79.45763945339503 81.74661713350655 78.47295525541846 80.76451950560671 78.84255035436733 79.65382076782758
79.98351289669924 79.71675081951597 79.73618366054443 79.45763945339503 0.0 80.01670573573769 80.26479816296158 80.06873892944398 80.16903804205964 80.23120944761207
80.23964499197632 81.84906376019836 81.01403836829788 81.74661713350655 80.01670573573769 0.0 79.94292253878973 78.12053019987077 78.5555438151064 78.8865952532821
80.59442957581581 79.70177690020276 80.0404636046335 78.47295525541846 80.26479816296158 79.94292253878973 0.0 79.78299439339658 79.41146128475073 80.15171911048536
82.39227092647165 80.71063849019419 79.12581622212033 80.76451950560671 80.06873892944398 78.12053019987077 79.78299439339658 0.0 79.01750171530539 79.1630277021324
81.06873827600224 79.89249250940776 81.48109403271468 78.84255035436733 80.16903804205964 78.5555438151064 79.41146128475073 79.01750171530539 0.0 80.22488504480725
80.59875011564507 79.11938761386145 81.68651657815059 79.65382076782758 80.23120944761207 78.8865952532821 80.15171911048536 79.1630277021324 80.22488504480725 0.0
