10
0.0 34.30815663763518 1.719887752266466 1.448413554270438 21.90150680545782 15.934150905701397 8.934739277374687 9.717395114309376 2.295304515368132 12.176956680550056
34.30815663763518 0.0 5.802782450706249 2.7605979925869057 18.82467809248316 9.571332696197857 35.79447433300935 27.513537154095175 18.76329741526359 14.072221812264251
1.719887752266466 5.802782450706249 0.0 35.65937927908773 46.89380493031182 4.872867539376234 3.4888410416024627 7.400757500538354 8.596076133067251 11.410101619320182
1.448413554270438 2.7605979925869057 35.65937927908773 0.0 13.251164506309827 11.79231879369615 19.02146268639364 4.78884779698711 9.540568530498863 11.46003176008464
21.90150680545782 18.82467809248316 46.89380493031182 13.251164506309827 0.0 7.56212840913075 33.995526766793276 4.890280978916163 3.5864223353217444 4.312007867830625
15.934150905701397 9.571332696197857 4.872867539376234 11.79231879369615 7.56212840913075 0.0 24.79484446788789 33.6009391667475 15.503203596814284 39.19768064764948
8.934739277374687 35.79447433300935 3.4888410416024627 19.02146268639364 33.995526766793276 24.79484446788789 0.0 25.82236718731803 9.38646030582209 49.098072675856656
9.717395114309376 27.513537154095175 7.400757500538354 4.78884779698711 4.890280978916163 33.6009391667475 25.82236718731803 0.0 5.600682572252672 26.09459694169796
2.295304515368132 18.76329741526359 8.596076133067251 9.540568530498863 3.5864223353217444 15.503203596814284 9.38646030582209 5.600682572252672 0.0 23.837996266697928
12.176956680550056 14.072221812264251 11.410101619320182 11.46003176008464 4.312007867830625 39.19768064764948 49.098072675856656 26.09459694169796 23.837996266697928 0.0
