10
0.0 0.4331992595890517 0.05336592463200629 0.6244635455350391 0.7932619874831652 0.1165800563709406 0.6244635455350391 0.9402900586043845 2.0271978885453743 0.5583657020297685
0.4331992595890517 0.0 0.7932619874831652 1.061512189428401 0.7024273716569596 1.5301271002248749 2.0271978885453743 0.2448439935208394 1.6884965929829723 0.7024273716569596
0.05336592463200629 0.7932619874831652 0.0 0.9402900586043845 1.1863677580536403 0.4331992595890517 0.1165800563709406 0.6244635455350391 1.1863677580536403 1.224937440691587
0.6244635455350391 1.061512189428401 0.9402900586043845 0.0 0.2703359201013029 0.9402900586043845 0.5583657020297685 1.1863677580536403 2.0271978885453743 1.625915808666039
0.7932619874831652 0.7024273716569596 1.1863677580536403 0.2703359201013029 0.0 0.3290342863408595 1.061512189428401 1.224937440691587 1.625915808666039 0.2448439935208394
0.1165800563709406 1.5301271002248749 0.4331992595890517 0.9402900586043845 0.3290342863408595 0.0 0.9402900586043845 1.224937440691587 0.5129079386594758 2.0271978885453743
0.6244635455350391 2.0271978885453743 0.1165800563709406 0.5583657020297685 1.061512189428401 0.9402900586043845 0.0 1.138979589539434 0.5583657020297685 0.2448439935208394
0.9402900586043845 0.2448439935208394 0.6244635455350391 1.1863677580536403 1.224937440691587 1.224937440691587 1.138979589539434 0.0 0.6244635455350391 0.2703359201013029
2.0271978885453743 1.6884965929829723 1.1863677580536403 2.0271978885453743 1.625915808666039 0.5129079386594758 0.5583657020297685 0.6244635455350391 0.0 2.2205193851619724
0.5583657020297685 0.7024273716569596 1.224937440691587 1.625915808666039 0.2448439935208394 2.0271978885453743 0.2448439935208394 0.2703359201013029 2.2205193851619724 0.0
