10
0.0 7.878882142668399 21.830814599290655 10.909838062556995 21.830814599290655 21.830814599290655 14.43935430781278 14.43935430781278 12.963608569394065 0.8944845198728812
7.878882142668399 0.0 3.2251407194722415 2.679501213949173 7.878882142668399 3.2251407194722415 21.830814599290655 2.679501213949173 0.8944845198728812 12.963608569394065
21.830814599290655 3.2251407194722415 0.0 7.878882142668399 7.878882142668399 2.679501213949173 7.280851873827659 4.85354026999895 2.679501213949173 4.85354026999895
10.909838062556995 2.679501213949173 7.878882142668399 0.0 0.8944845198728812 7.878882142668399 3.2251407194722415 14.43935430781278 21.830814599290655 7.280851873827659
21.830814599290655 7.878882142668399 7.878882142668399 0.8944845198728812 0.0 3.2251407194722415 14.43935430781278 14.43935430781278 7.878882142668399 12.963608569394065
21.830814599290655 3.2251407194722415 2.679501213949173 7.878882142668399 3.2251407194722415 0.0 21.830814599290655 10.909838062556995 12.963608569394065 3.2251407194722415
14.43935430781278 21.830814599290655 7.280851873827659 3.2251407194722415 14.43935430781278 21.830814599290655 0.0 10.909838062556995 10.909838062556995 21.830814599290655
14.43935430781278 2.679501213949173 4.85354026999895 14.43935430781278 14.43935430781278 10.909838062556995 10.909838062556995 0.0 7.280851873827659 7.280851873827659
12.963608569394065 0.8944845198728812 2.679501213949173 21.830814599290655 7.878882142668399 12.963608569394065 10.909838062556995 7.280851873827659 0.0 12.963608569394065
0.8944845198728812 12.963608569394065 4.85354026999895 7.280851873827659 12.963608569394065 3.2251407194722415 21.830814599290655 7.280851873827659 12.963608569394065 0.0
