10
0.0 1.6085978692663114 0.7391863359923696 1.5137323322608789 1.6085978692663114 1.6085978692663114 0.8331220220342459 0.08005552559190154 1.1122002443232968 1.1122002443232968
1.6085978692663114 0.0 2.659698881406114 0.8331220220342459 0.7391863359923696 0.08005552559190154 0.4231124047039827 1.1122002443232968 1.6085978692663114 1.6085978692663114
0.7391863359923696 2.659698881406114 0.0 0.4231124047039827 0.4231124047039827 1.6085978692663114 0.7452966420223799 0.6528598859528807 1.6085978692663114 1.5137323322608789
1.5137323322608789 0.8331220220342459 0.4231124047039827 0.0 0.7452966420223799 0.4231124047039827 1.5137323322608789 1.1122002443232968 1.5137323322608789 2.659698881406114
1.6085978692663114 0.7391863359923696 0.4231124047039827 0.7452966420223799 0.0 0.7452966420223799 0.6528598859528807 2.659698881406114 0.8331220220342459 1.1122002443232968
1.6085978692663114 0.08005552559190154 1.6085978692663114 0.4231124047039827 0.7452966420223799 0.0 1.5137323322608789 1.5137323322608789 1.5137323322608789 0.8331220220342459
0.8331220220342459 0.4231124047039827 0.7452966420223799 1.5137323322608789 0.6528598859528807 1.5137323322608789 0.0 1.6085978692663114 1.5137323322608789 0.7452966420223799
0.08005552559190154 1.1122002443232968 0.6528598859528807 1.1122002443232968 2.659698881406114 1.5137323322608789 1.6085978692663114 0.0 0.7452966420223799 0.6528598859528807
1.1122002443232968 1.6085978692663114 1.6085978692663114 1.5137323322608789 0.8331220220342459 1.5137323322608789 1.5137323322608789 0.7452966420223799 0.0 2.659698881406114
1.1122002443232968 1.6085978692663114 1.5137323322608789 2.659698881406114 1.1122002443232968 0.8331220220342459 0.7452966420223799 0.6528598859528807 2.659698881406114 0.0
