10
0.0 12.832597940470992 1.8739691337260962 10.034638299157287 55.971532018681785 48.204056307104814 16.70215335967841 41.9431899462478 6.6464211535768 13.286880265254174
12.832597940470992 0.0 20.210707500482442 4.381550770573675 75.644592784371 17.38933594205879 39.60524508315445 16.039932810685897 9.202727221048326 8.322182179348458
1.8739691337260962 20.210707500482442 0.0 32.40028806498477 7.166046286206577 15.318376020979303 50.369928551701264 6.475957720950148 26.829511437568137 4.45719161277137
10.034638299157287 4.381550770573675 32.40028806498477 0.0 26.603315563277366 17.915931911662227 17.480621748762726 29.689687375844553 48.641840227423835 12.421073551576754
55.971532018681785 75.644592784371 7.166046286206577 26.603315563277366 0.0 43.98149626647581 57.15814468105723 26.81597374862597 0.8271356489702301 1.6550057524132236
48.204056307104814 17.38933594205879 15.318376020979303 17.915931911662227 43.98149626647581 0.0 63.64561807603238 9.265075011878357 49.35308094530062 28.513433305693084
16.70215335967841 39.60524508315445 50.369928551701264 17.480621748762726 57.15814468105723 63.64561807603238 0.0 20.95639355340781 23.562724406672903 15.653129097889302
41.9431899462478 16.039932810685897 6.475957720950148 29.689687375844553 26.81597374862597 9.265075011878357 20.95639355340781 0.0 3.495351606579155 31.378673932606937
6.6464211535768 9.202727221048326 26.829511437568137 48.641840227423835 0.8271356489702301 49.35308094530062 23.562724406672903 3.495351606579155 0.0 19.779941222974596
13.286880265254174 8.322182179348458 4.45719161277137 12.421073551576754 1.6550057524132236 28.513433305693084 15.653129097889302 31.378673932606937 19.779941222974596 0.0
