10
0.0 1.0777492906122295 1.9201796849215056 1.8935303338221974 0.3375898786742678 0.9518797143603621 1.0405363439448545 0.3375898786742678 0.44025556376175423 0.8065648467591963
1.0777492906122295 0.0 1.0405363439448545 0.37893813018494515 0.9808417469573643 0.44025556376175423 0.4421554964631469 0.5748460642487196 0.06571518971542512 0.9282027825260506
1.9201796849215056 1.0405363439448545 0.0 0.9759260719477433 1.9201796849215056 1.5243813658319847 2.233829044822665 0.47531882297206973 0.4421554964631469 1.3006125312760266
1.8935303338221974 0.37893813018494515 0.9759260719477433 0.0 1.0777492906122295 1.26371253664303 2.965824867694216 1.5473436481183753 1.7041679037353865 1.7041679037353865
0.3375898786742678 0.9808417469573643 1.9201796849215056 1.0777492906122295 0.0 1.7041679037353865 0.06571518971542512 1.2661788631556168 0.9282027825260506 0.2216083274263254
0.9518797143603621 0.44025556376175423 1.5243813658319847 1.26371253664303 1.7041679037353865 0.0 0.71701063867455 1.181878595531761 2.965824867694216 1.181878595531761
1.0405363439448545 0.4421554964631469 2.233829044822665 2.965824867694216 0.06571518971542512 0.71701063867455 0.0 0.2216083274263254 0.7910875506435084 1.9791707302852264
0.3375898786742678 0.5748460642487196 0.47531882297206973 1.5473436481183753 1.2661788631556168 1.181878595531761 0.2216083274263254 0.0 1.5473436481183753 1.8004948050259204
0.44025556376175423 0.06571518971542512 0.4421554964631469 1.7041679037353865 0.9282027825260506 2.965824867694216 0.7910875506435084 1.5473436481183753 0.0 1.5243813658319847
0.8065648467591963 0.9282027825260506 1.3006125312760266 1.7041679037353865 0.2216083274263254 1.181878595531761 1.9791707302852264 1.8004948050259204 1.5243813658319847 0.0
