10
0.0 7.153457105740001 7.153457105740001 3.923635282543188 5.722838789331072 3.923635282543188 3.5414695872404347 4.514041471492632 3.923635282543188 4.514041471492632
7.153457105740001 0.0 4.040103397192583 3.923635282543188 7.153457105740001 4.281637321672465 3.5414695872404347 4.514041471492632 5.722838789331072 4.514041471492632
7.153457105740001 4.040103397192583 0.0 3.5414695872404347 4.132314946881106 5.727778721535609 4.040103397192583 3.5414695872404347 4.040103397192583 5.722838789331072
3.923635282543188 3.923635282543188 3.5414695872404347 0.0 4.514041471492632 4.281637321672465 4.040103397192583 7.153457105740001 5.722838789331072 5.423898166585941
5.722838789331072 7.153457105740001 4.132314946881106 4.514041471492632 0.0 4.040103397192583 5.722838789331072 4.040103397192583 5.423898166585941 3.923635282543188
3.923635282543188 4.281637321672465 5.727778721535609 4.281637321672465 4.040103397192583 0.0 4.281637321672465 5.727778721535609 5.727778721535609 5.423898166585941
3.5414695872404347 3.5414695872404347 4.040103397192583 4.040103397192583 5.722838789331072 4.281637321672465 0.0 7.153457105740001 3.923635282543188 7.153457105740001
4.514041471492632 4.514041471492632 3.5414695872404347 7.153457105740001 4.040103397192583 5.727778721535609 7.153457105740001 0.0 5.423898166585941 7.153457105740001
3.923635282543188 5.722838789331072 4.040103397192583 5.722838789331072 5.423898166585941 5.727778721535609 3.923635282543188 5.423898166585941 0.0 7.153457105740001
4.514041471492632 4.514041471492632 5.722838789331072 5.423898166585941 3.923635282543188 5.423898166585941 7.153457105740001 7.153457105740001 7.153457105740001 0.0
