6
0.0 2.755362998160458 0.7439631921777363 0.920976199676576 0.05822667414401583 1.604250002857559
2.755362998160458 0.0 1.2527261944250827 0.07877143620899796 1.0609090291852352 0.8908734890549029
0.7439631921777363 1.2527261944250827 0.0 2.170470335081983 0.914986168288541 0.10728683059130517
0.920976199676576 0.07877143620899796 2.170470335081983 0.0 0.35522258228107007 0.32872548416549574
0.05822667414401583 1.0609090291852352 0.914986168288541 0.35522258228107007 0.0 1.4725573104545244
1.604250002857559 0.8908734890549029 0.10728683059130517 0.32872548416549574 1.4725573104545244 0.0
