10
0.0 8.983897601454434 5.501736983202041 6.731588562376108 8.368592546576947 8.368592546576947 5.501736983202041 6.731588562376108 5.490233480501736 5.490233480501736
8.983897601454434 0.0 8.368592546576947 2.638568661131191 5.490233480501736 2.6586979724225266 5.490233480501736 6.731588562376108 2.2983156938613916 0.29578950461968756
5.501736983202041 8.368592546576947 0.0 2.2983156938613916 2.6586979724225266 0.29578950461968756 2.638568661131191 8.368592546576947 2.6586979724225266 5.490233480501736
6.731588562376108 2.638568661131191 2.2983156938613916 0.0 5.490233480501736 2.638568661131191 10.275684346744805 2.6586979724225266 2.2983156938613916 2.638568661131191
8.368592546576947 5.490233480501736 2.6586979724225266 5.490233480501736 0.0 2.6586979724225266 5.501736983202041 2.2983156938613916 8.368592546576947 5.501736983202041
8.368592546576947 2.6586979724225266 0.29578950461968756 2.638568661131191 2.6586979724225266 0.0 6.731588562376108 0.29578950461968756 5.490233480501736 5.501736983202041
5.501736983202041 5.490233480501736 2.638568661131191 10.275684346744805 5.501736983202041 6.731588562376108 0.0 2.638568661131191 6.731588562376108 10.275684346744805
6.731588562376108 6.731588562376108 8.368592546576947 2.6586979724225266 2.2983156938613916 0.29578950461968756 2.638568661131191 0.0 2.2983156938613916 10.275684346744805
5.490233480501736 2.2983156938613916 2.6586979724225266 2.2983156938613916 8.368592546576947 5.490233480501736 6.731588562376108 2.2983156938613916 0.0 5.501736983202041
5.490233480501736 0.29578950461968756 5.490233480501736 2.638568661131191 5.501736983202041 5.501736983202041 10.275684346744805 10.275684346744805 5.501736983202041 0.0
