10
0.0 10.239001581036412 11.962998608038335 11.452959604410479 10.239001581036412 10.01643009336633 11.452959604410479 10.913904565012798 10.01643009336633 11.2143251719465
10.239001581036412 0.0 8.080400729840171 11.962998608038335 10.01643009336633 8.080400729840171 10.239001581036412 11.452959604410479 11.962998608038335 11.077396943707114
11.962998608038335 8.080400729840171 0.0 11.452959604410479 11.077396943707114 11.077396943707114 11.077396943707114 10.01643009336633 11.077396943707114 10.239001581036412
11.452959604410479 11.962998608038335 11.452959604410479 0.0 10.913904565012798 10.239001581036412 10.239001581036412 10.919365814204356 11.452959604410479 10.943892665256683
10.239001581036412 10.01643009336633 11.077396943707114 10.913904565012798 0.0 11.452959604410479 10.01643009336633 11.077396943707114 11.077396943707114 10.239001581036412
10.01643009336633 8.080400729840171 11.077396943707114 10.239001581036412 11.452959604410479 0.0 10.943892665256683 8.080400729840171 10.239001581036412 11.452959604410479
11.452959604410479 10.239001581036412 11.077396943707114 10.239001581036412 10.01643009336633 10.943892665256683 0.0 10.913904565012798 8.080400729840171 11.962998608038335
10.913904565012798 11.452959604410479 10.01643009336633 10.919365814204356 11.077396943707114 8.080400729840171 10.913904565012798 0.0 8.080400729840171 8.080400729840171
10.01643009336633 11.962998608038335 11.077396943707114 11.452959604410479 11.077396943707114 10.239001581036412 8.080400729840171 8.080400729840171 0.0 10.919365814204356
11.2143251719465 11.077396943707114 10.239001581036412 10.943892665256683 10.239001581036412 11.452959604410479 11.962998608038335 8.080400729840171 10.919365814204356 0.0
