10
0.0 48.46924801552593 48.832392334189045 50.73285802654842 48.87794902349033 48.14618787052037 50.68481015407028 49.209848627134626 49.54895323758687 50.651413502939825
48.46924801552593 0.0 51.25273380466235 50.17512503415249 49.541526685369845 47.152666100260355 51.12108676836867 50.438725165836 48.475100459041926 50.89789616199607
48.832392334189045 51.25273380466235 0.0 50.44064730699957 51.00386999289628 51.30991147544181 50.53442335619256 49.25404881731094 48.68333805858791 49.2528070349529
50.73285802654842 50.17512503415249 50.44064730699957 0.0 49.103196725009404 50.15060884851783 49.683137601379585 50.123097733821396 48.69177992162551 49.82762275085095
48.87794902349033 49.541526685369845 51.00386999289628 49.103196725009404 0.0 50.568376305493025 49.94255287018289 51.09571296986518 49.95768467851841 48.90089180335036
48.14618787052037 47.152666100260355 51.30991147544181 50.15060884851783 50.568376305493025 0.0 50.82337837594934 51.040799072614234 48.941641449812835 49.565782993803715
50.68481015407028 51.12108676836867 50.53442335619256 49.683137601379585 49.94255287018289 50.82337837594934 0.0 52.601217402341995 50.50607297143542 51.61196952495199
49.209848627134626 50.438725165836 49.25404881731094 50.123097733821396 51.09571296986518 51.040799072614234 52.601217402341995 0.0 49.69942447337299 49.581248613383316
49.54895323758687 48.475100459041926 48.68333805858791 48.69177992162551 49.95768467851841 48.941641449812835 50.50607297143542 49.69942447337299 0.0 51.861984111741144
50.651413502939825 50.89789616199607 49.2528070349529 49.82762275085095 48.90089180335036 49.565782993803715 51.61196952495199 49.581248613383316 51.861984111741144 0.0
