10
0.0 0.9903810555395869 0.49686011888947634 1.1427077656117697 0.8630481201668833 0.49686011888947634 0.3198880453238242 0.566772060432313 1.0810128825171093 0.2967879624474016
0.9903810555395869 0.0 0.3198880453238242 0.19464701810639584 1.7485939104435442 0.8630481201668833 0.566772060432313 1.0810128825171093 0.26826420257203754 0.9903810555395869
0.49686011888947634 0.3198880453238242 0.0 0.07547770040545676 0.2967879624474016 0.566772060432313 1.492645934323701 0.23342316636474458 0.19464701810639584 1.804125757200337
1.1427077656117697 0.19464701810639584 0.07547770040545676 0.0 1.045581776086858 0.3198880453238242 1.804125757200337 0.3198880453238242 0.8630481201668833 1.1787172823462373
0.8630481201668833 1.7485939104435442 0.2967879624474016 1.045581776086858 0.0 0.49686011888947634 1.3442780568212196 0.13125182052180395 0.49686011888947634 2.387848204145331
0.49686011888947634 0.8630481201668833 0.566772060432313 0.3198880453238242 0.49686011888947634 0.0 1.804125757200337 1.1787172823462373 0.26826420257203754 0.2967879624474016
0.3198880453238242 0.566772060432313 1.492645934323701 1.804125757200337 1.3442780568212196 1.804125757200337 0.0 0.26826420257203754 1.0810128825171093 1.3442780568212196
0.566772060432313 1.0810128825171093 0.23342316636474458 0.3198880453238242 0.13125182052180395 1.1787172823462373 0.26826420257203754 0.0 1.045581776086858 1.3442780568212196
1.0810128825171093 0.26826420257203754 0.19464701810639584 0.8630481201668833 0.49686011888947634 0.26826420257203754 1.0810128825171093 1.045581776086858 0.0 1.1427077656117697
0.2967879624474016 0.9903810555395869 1.804125757200337 1.1787172823462373 2.387848204145331 0.2967879624474016 1.3442780568212196 1.3442780568212196 1.1427077656117697 0.0
