12
0.0 2.963823535884629 5.433665896734851 3.2260723764823007 2.860081143397287 2.5249076988882138 2.4119654509447446 2.1638787820129304 10.086104048718814 2.4358893839056033 3.5114387552731374 6.0499687933847595
2.963823535884629 0.0 1.0228833225787257 2.1204854971907765 1.1717123909817784 6.616116306678613 3.3204975699807022 1.774786397955213 3.236443155597268 7.91876708563734 1.4658544897194472 0.6345782022005084
5.433665896734851 1.0228833225787257 0.0 5.003514996882559 3.3867103593828674 6.330877381911897 3.087318926963613 6.592612109145763 6.080326681120609 7.448897395037876 6.970808408220222 4.687334619550102
3.2260723764823007 2.1204854971907765 5.003514996882559 0.0 3.357092052953173 6.309197134341316 6.185523190222487 11.23210521322161 0.11592940914016603 0.8761663854295549 0.2141053540009249 0.05858379493671961
2.860081143397287 1.1717123909817784 3.3867103593828674 3.357092052953173 0.0 2.541878513938084 1.7789422200666976 3.1913118621529177 3.9517016093124946 11.173384700171216 2.389248545820686 7.184144126533086
2.5249076988882138 6.616116306678613 6.330877381911897 6.309197134341316 2.541878513938084 0.0 3.0293488894355 8.817917484978286 5.794155796397558 9.315824644704957 3.8777662841186418 0.4005866305394934
2.4119654509447446 3.3204975699807022 3.087318926963613 6.185523190222487 1.7789422200666976 3.0293488894355 0.0 5.860813027893841 2.7203221895148753 6.4092042774565465 2.5801748250107974 6.74248240225634
2.1638787820129304 1.774786397955213 6.592612109145763 11.23210521322161 3.1913118621529177 8.817917484978286 5.860813027893841 0.0 1.009218779982974 9.738416154225966 0.7275262890360243 0.39824243610526644
10.086104048718814 3.236443155597268 6.080326681120609 0.11592940914016603 3.9517016093124946 5.794155796397558 2.7203221895148753 1.009218779982974 0.0 0.5430655063929928 3.23287431001558 7.135873856225992
2.4358893839056033 7.91876708563734 7.448897395037876 0.8761663854295549 11.173384700171216 9.315824644704957 6.4092042774565465 9.738416154225966 0.5430655063929928 0.0 5.119519702865075 3.117105050389006
3.5114387552731374 1.4658544897194472 6.970808408220222 0.2141053540009249 2.389248545820686 3.8777662841186418 2.5801748250107974 0.7275262890360243 3.23287431001558 5.119519702865075 0.0 4.490204396451432
6.0499687933847595 0.6345782022005084 4.687334619550102 0.05858379493671961 7.184144126533086 0.4005866305394934 6.74248240225634 0.39824243610526644 7.135873856225992 3.117105050389006 4.490204396451432 0.0
