10
0.0 106.17651003497457 101.88921328417571 89.78307094604644 173.06133018009044 51.08559864338446 147.53033170107113 143.37445380699143 90.70420271027507 89.37574719970192
106.17651003497457 0.0 100.39013102877009 100.19382782664862 120.1946827173365 43.22586763161894 120.09220886013514 107.79338362807307 103.09654945266591 95.37938372938697
101.88921328417571 100.39013102877009 0.0 88.62800536687155 113.47989996533646 62.65036455584242 34.36330996261559 107.36717795751697 69.49600233993185 85.59622111734794
89.78307094604644 100.19382782664862 88.62800536687155 0.0 109.7600203962524 65.83778171480864 96.74902410112904 76.42431624016328 87.71023992751911 74.50714133569622
173.06133018009044 120.1946827173365 113.47989996533646 109.7600203962524 0.0 48.97316828479272 117.90663396906199 34.41602319039255 129.82174527898485 54.63434319999185
51.08559864338446 43.22586763161894 62.65036455584242 65.83778171480864 48.97316828479272 0.0 136.19734917999733 66.38917807918493 127.82734819140543 86.81131862812695
147.53033170107113 120.09220886013514 34.36330996261559 96.74902410112904 117.90663396906199 136.19734917999733 0.0 82.91656885254154 120.44932639196053 54.47076494274291
143.37445380699143 107.79338362807307 107.36717795751697 76.42431624016328 34.41602319039255 66.38917807918493 82.91656885254154 0.0 114.07535831059788 80.93321878375
90.70420271027507 103.09654945266591 69.49600233993185 87.71023992751911 129.82174527898485 127.82734819140543 120.44932639196053 114.07535831059788 0.0 92.72225337422188
89.37574719970192 95.37938372938697 85.59622111734794 74.50714133569622 54.63434319999185 86.81131862812695 54.47076494274291 80.93321878375 92.72225337422188 0.0
