10
0.0 34.70072428308341 34.1362718494342 33.21022085908634 35.03611170857745 36.98164157895418 35.486173819494155 34.25882205364157 34.854698755977864 33.743347739722346
34.70072428308341 0.0 35.05731686522871 34.253404368926134 33.83445502228476 35.45906729471667 37.119416135464746 35.19754225023112 35.23361487674396 35.66085972966557
34.1362718494342 35.05731686522871 0.0 33.34194169299499 34.713740210802875 36.15678886020418 36.32449037782568 34.90287498996674 34.68317328765417 36.76458226264118
33.21022085908634 34.253404368926134 33.34194169299499 0.0 35.45048881411038 34.68531982502762 33.67146337442125 34.97030271018825 34.641480847485475 36.21645173625927
35.03611170857745 33.83445502228476 34.713740210802875 35.45048881411038 0.0 36.64765049196199 38.41004764142524 33.09035233127399 33.65702831173379 35.00843501409105
36.98164157895418 35.45906729471667 36.15678886020418 34.68531982502762 36.64765049196199 0.0 35.817771632820055 32.970227482356584 35.14372212260353 35.30620295846021
35.486173819494155 37.119416135464746 36.32449037782568 33.67146337442125 38.41004764142524 35.817771632820055 0.0 35.57499165282054 35.447163351947005 34.8279918488975
34.25882205364157 35.19754225023112 34.90287498996674 34.97030271018825 33.09035233127399 32.970227482356584 35.57499165282054 0.0 35.858113603289496 34.552355620603336
34.854698755977864 35.23361487674396 34.68317328765417 34.641480847485475 33.65702831173379 35.14372212260353 35.447163351947005 35.858113603289496 0.0 34.5337853892123
33.743347739722346 35.66085972966557 36.76458226264118 36.21645173625927 35.00843501409105 35.30620295846021 34.8279918488975 34.552355620603336 34.5337853892123 0.0
