10
0.0 6.277682725305482 8.251631850716873 8.251631850716873 7.38976107431178 0.4699919490230542 7.38976107431178 2.62686647530741 9.929188367941892 3.7884357138762623
6.277682725305482 0.0 0.906043100068155 0.4699919490230542 0.4699919490230542 2.62686647530741 0.4699919490230542 7.38976107431178 6.277682725305482 7.38976107431178
8.251631850716873 0.906043100068155 0.0 2.62686647530741 1.1248217788463566 8.251631850716873 6.277682725305482 7.38976107431178 1.1473507754807422 0.4699919490230542
8.251631850716873 0.4699919490230542 2.62686647530741 0.0 2.62686647530741 3.7884357138762623 8.251631850716873 1.1248217788463566 7.38976107431178 7.38976107431178
7.38976107431178 0.4699919490230542 1.1248217788463566 2.62686647530741 0.0 0.906043100068155 2.62686647530741 1.1473507754807422 8.251631850716873 2.62686647530741
0.4699919490230542 2.62686647530741 8.251631850716873 3.7884357138762623 0.906043100068155 0.0 2.62686647530741 1.1473507754807422 0.4699919490230542 9.929188367941892
7.38976107431178 0.4699919490230542 6.277682725305482 8.251631850716873 2.62686647530741 2.62686647530741 0.0 1.1473507754807422 0.906043100068155 1.1248217788463566
2.62686647530741 7.38976107431178 7.38976107431178 1.1248217788463566 1.1473507754807422 1.1473507754807422 1.1473507754807422 0.0 6.277682725305482 7.38976107431178
9.929188367941892 6.277682725305482 1.1473507754807422 7.38976107431178 8.251631850716873 0.4699919490230542 0.906043100068155 6.277682725305482 0.0 8.251631850716873
3.7884357138762623 7.38976107431178 0.4699919490230542 7.38976107431178 2.62686647530741 9.929188367941892 1.1248217788463566 7.38976107431178 8.251631850716873 0.0
