10
0.0 19.23908553541615 47.554899319875936 16.05867551256143 25.36791209515908 19.51983224490294 4.4160067314339635 33.20319409399914 20.225918967835756 28.102820331955925
19.23908553541615 0.0 13.086199677649837 15.787042182405758 15.330660391835362 34.90312368109809 4.773760464706606 4.976453039077313 14.913088106369466 12.335972974835872
47.554899319875936 13.086199677649837 0.0 36.55182830790117 7.551069865224742 1.0103187646384377 33.16146834126641 10.717313821933402 20.384241260848626 2.3899808173793513
16.05867551256143 15.787042182405758 36.55182830790117 0.0 0.8234334846493019 49.85883177603516 17.002033141720823 7.511472620220244 11.058537353169637 24.258290626911883
25.36791209515908 15.330660391835362 7.551069865224742 0.8234334846493019 0.0 25.23741285347921 19.774973941526188 21.302619515188155 44.54677254430217 20.16017131494363
19.51983224490294 34.90312368109809 1.0103187646384377 49.85883177603516 25.23741285347921 0.0 6.034480120284608 24.300256662103273 9.479739789998744 44.59654077502393
4.4160067314339635 4.773760464706606 33.16146834126641 17.002033141720823 19.774973941526188 6.034480120284608 0.0 18.94431652283612 6.570003504112891 35.497458842004185
33.20319409399914 4.976453039077313 10.717313821933402 7.511472620220244 21.302619515188155 24.300256662103273 18.94431652283612 0.0 26.390125425116356 9.479641611206645
20.225918967835756 14.913088106369466 20.384241260848626 11.058537353169637 44.54677254430217 9.479739789998744 6.570003504112891 26.390125425116356 0.0 12.627748770855478
28.102820331955925 12.335972974835872 2.3899808173793513 24.258290626911883 20.16017131494363 44.59654077502393 35.497458842004185 9.479641611206645 12.627748770855478 0.0
