10
0.0 2.545611406349383 24.558046198850732 8.013858024776532 13.166478924980286 18.373640901743478 31.321254204451854 9.697184201337437 4.80195681147273 9.196191137510176
2.545611406349383 0.0 12.93274918836446 10.379523593912701 5.141976708579947 2.026892457877932 22.978125989037906 9.549679462725285 8.388941748607419 0.2786557710879374
24.558046198850732 12.93274918836446 0.0 34.35999236524124 0.7246210154404307 13.697409643585589 29.656630465488373 21.030913752376396 12.76419091144638 27.33858453769608
8.013858024776532 10.379523593912701 34.35999236524124 0.0 21.012559455216525 23.502052522506766 5.778824216035856 3.37633580545773 12.697432820162208 2.634161905914836
13.166478924980286 5.141976708579947 0.7246210154404307 21.012559455216525 0.0 27.16038515011163 19.066410568022235 5.018264871845488 2.3520255316587733 3.8093396156524424
18.373640901743478 2.026892457877932 13.697409643585589 23.502052522506766 27.16038515011163 0.0 17.972352375731983 13.243740668502044 28.568094401741497 20.25089570881462
31.321254204451854 22.978125989037906 29.656630465488373 5.778824216035856 19.066410568022235 17.972352375731983 0.0 17.081218718586946 13.175317129453687 23.9137002574206
9.697184201337437 9.549679462725285 21.030913752376396 3.37633580545773 5.018264871845488 13.243740668502044 17.081218718586946 0.0 6.147652766938277 6.203099038982886
4.80195681147273 8.388941748607419 12.76419091144638 12.697432820162208 2.3520255316587733 28.568094401741497 13.175317129453687 6.147652766938277 0.0 7.656992210329173
9.196191137510176 0.2786557710879374 27.33858453769608 2.634161905914836 3.8093396156524424 20.25089570881462 23.9137002574206 6.203099038982886 7.656992210329173 0.0
