10
0.0 16.501517633904136 16.501517633904136 16.501517633904136 13.693948988366275 16.501517633904136 15.926568083808533 12.852316272728476 15.926568083808533 13.693948988366275
16.501517633904136 0.0 16.501517633904136 16.501517633904136 14.84404679364103 13.178818264390326 14.84404679364103 12.852316272728476 15.926568083808533 12.852316272728476
16.501517633904136 16.501517633904136 0.0 13.178818264390326 13.693948988366275 13.693948988366275 15.761767992451613 13.693948988366275 14.781388904411846 14.338337666110235
16.501517633904136 16.501517633904136 13.178818264390326 0.0 14.781388904411846 13.693948988366275 15.761767992451613 14.84404679364103 15.926568083808533 13.178818264390326
13.693948988366275 14.84404679364103 13.693948988366275 14.781388904411846 0.0 15.569981027561907 14.84404679364103 15.569981027561907 16.501517633904136 12.852316272728476
16.501517633904136 13.178818264390326 13.693948988366275 13.693948988366275 15.569981027561907 0.0 14.338337666110235 13.693948988366275 15.761767992451613 14.781388904411846
15.926568083808533 14.84404679364103 15.761767992451613 15.761767992451613 14.84404679364103 14.338337666110235 0.0 12.852316272728476 16.501517633904136 14.781388904411846
12.852316272728476 12.852316272728476 13.693948988366275 14.84404679364103 15.569981027561907 13.693948988366275 12.852316272728476 0.0 15.569981027561907 15.926568083808533
15.926568083808533 15.926568083808533 14.781388904411846 15.926568083808533 16.501517633904136 15.761767992451613 16.501517633904136 15.569981027561907 0.0 16.501517633904136
13.693948988366275 12.852316272728476 14.338337666110235 13.178818264390326 12.852316272728476 14.781388904411846 14.781388904411846 15.926568083808533 16.501517633904136 0.0
