10
0.0 2.5932506173428003 27.388227807654587 14.880446699620027 27.388227807654587 5.708705499409042 10.218868110636542 27.388227807654587 2.5932506173428003 27.86355272341988
2.5932506173428003 0.0 29.315114916219212 27.86355272341988 14.880446699620027 14.880446699620027 13.100353869194695 27.86355272341988 5.708705499409042 13.100353869194695
27.388227807654587 29.315114916219212 0.0 27.81256423127597 5.708705499409042 27.388227807654587 27.830224059509263 2.5932506173428003 27.830224059509263 27.830224059509263
14.880446699620027 27.86355272341988 27.81256423127597 0.0 5.708705499409042 5.708705499409042 27.86355272341988 29.315114916219212 27.830224059509263 27.81256423127597
27.388227807654587 14.880446699620027 5.708705499409042 5.708705499409042 0.0 14.880446699620027 10.218868110636542 27.830224059509263 29.315114916219212 29.315114916219212
5.708705499409042 14.880446699620027 27.388227807654587 5.708705499409042 14.880446699620027 0.0 27.81256423127597 5.708705499409042 10.218868110636542 27.86355272341988
10.218868110636542 13.100353869194695 27.830224059509263 27.86355272341988 10.218868110636542 27.81256423127597 0.0 27.86355272341988 5.708705499409042 14.880446699620027
27.388227807654587 27.86355272341988 2.5932506173428003 29.315114916219212 27.830224059509263 5.708705499409042 27.86355272341988 0.0 27.81256423127597 29.315114916219212
2.5932506173428003 5.708705499409042 27.830224059509263 27.830224059509263 29.315114916219212 10.218868110636542 5.708705499409042 27.81256423127597 0.0 27.86355272341988
27.86355272341988 13.100353869194695 27.830224059509263 27.81256423127597 29.315114916219212 27.86355272341988 14.880446699620027 29.315114916219212 27.86355272341988 0.0
