10
0.0 16.263443675122154 15.599208591457588 13.22620958034079 13.309828700556357 15.562530172168135 15.706846035654833 15.363534052684445 15.437480216555148 13.247746000682707
16.263443675122154 0.0 15.480950931538143 17.651741643846606 15.139654445623364 14.176729720105191 14.383097944467075 15.421371870692974 15.121730596765454 14.13776476107332
15.599208591457588 15.480950931538143 0.0 15.155280099541764 14.221554888970127 15.261803252521545 13.786352305294143 15.706587730505507 14.609968311555448 17.263414558898646
13.22620958034079 17.651741643846606 15.155280099541764 0.0 15.690331212246793 14.32619649429919 14.527534730097935 16.187141828600613 16.144636649151963 13.663859655861868
13.309828700556357 15.139654445623364 14.221554888970127 15.690331212246793 0.0 16.724977217418136 14.064066267574594 15.026320308235654 16.139871956204743 15.653796970154662
15.562530172168135 14.176729720105191 15.261803252521545 14.32619649429919 16.724977217418136 0.0 14.707404386066353 14.883241890385378 14.002673797695161 14.696057814140415
15.706846035654833 14.383097944467075 13.786352305294143 14.527534730097935 14.064066267574594 14.707404386066353 0.0 14.529324026688954 16.498456709793352 15.130912984414136
15.363534052684445 15.421371870692974 15.706587730505507 16.187141828600613 15.026320308235654 14.883241890385378 14.529324026688954 0.0 16.1616704201682 14.710838474151458
15.437480216555148 15.121730596765454 14.609968311555448 16.144636649151963 16.139871956204743 14.002673797695161 16.498456709793352 16.1616704201682 0.0 16.50823194562201
13.247746000682707 14.13776476107332 17.263414558898646 13.663859655861868 15.653796970154662 14.696057814140415 15.130912984414136 14.710838474151458 16.50823194562201 0.0
