10
0.0 10.698542674486603 10.22607566795399 10.846378063130782 10.22607566795399 9.283803676071384 9.539061179105806 9.283803676071384 12.37822664430671 9.283803676071384
10.698542674486603 0.0 10.22607566795399 12.37822664430671 10.846378063130782 9.373478616094957 10.846378063130782 12.37822664430671 10.846378063130782 10.22607566795399
10.22607566795399 10.22607566795399 0.0 10.22607566795399 10.22607566795399 12.37822664430671 10.006736818719082 10.006736818719082 9.373478616094957 9.283803676071384
10.846378063130782 12.37822664430671 10.22607566795399 0.0 9.283803676071384 9.373478616094957 10.580642033852818 9.373478616094957 10.580642033852818 10.006736818719082
10.22607566795399 10.846378063130782 10.22607566795399 9.283803676071384 0.0 9.373478616094957 10.006736818719082 10.846378063130782 9.283803676071384 10.006736818719082
9.283803676071384 9.373478616094957 12.37822664430671 9.373478616094957 9.373478616094957 0.0 10.044371586713151 10.044371586713151 10.006736818719082 10.580642033852818
9.539061179105806 10.846378063130782 10.006736818719082 10.580642033852818 10.006736818719082 10.044371586713151 0.0 10.698542674486603 10.846378063130782 9.539061179105806
9.283803676071384 12.37822664430671 10.006736818719082 9.373478616094957 10.846378063130782 10.044371586713151 10.698542674486603 0.0 10.22607566795399 10.22607566795399
12.37822664430671 10.846378063130782 9.373478616094957 10.580642033852818 9.283803676071384 10.006736818719082 10.846378063130782 10.22607566795399 0.0 9.283803676071384
9.283803676071384 10.22607566795399 9.283803676071384 10.006736818719082 10.006736818719082 10.580642033852818 9.539061179105806 10.22607566795399 9.283803676071384 0.0
